0.05			0.05			9.03826e+29
0.05			0.1			8.89842e+29
0.05			0.15			8.69677e+29
0.05			0.2			8.46968e+29
0.05			0.25			8.25144e+29
0.05			0.3			8.06626e+29
0.05			0.35			7.92495e+29
0.05			0.4			7.8257e+29
0.05			0.45			7.7566e+29
0.05			0.5			7.69726e+29
0.05			0.55			7.61772e+29
0.05			0.6			7.47551e+29
0.05			0.65			7.21326e+29
0.05			0.7			6.76133e+29
0.05			0.75			6.04908e+29
0.05			0.8			5.02508e+29
0.05			0.85			3.68056e+29
0.05			0.9			2.06035e+29
0.05			0.95			2.18986e+28
0.05			1			0

0.1			0.05			8.8949e+29
0.1			0.1			8.75346e+29
0.1			0.15			8.5495e+29
0.1			0.2			8.31978e+29
0.1			0.25			8.09896e+29
0.1			0.3			7.91154e+29
0.1			0.35			7.7685e+29
0.1			0.4			7.66808e+29
0.1			0.45			7.59841e+29
0.1			0.5			7.53912e+29
0.1			0.55			7.46044e+29
0.1			0.6			7.32018e+29
0.1			0.65			7.06143e+29
0.1			0.7			6.61489e+29
0.1			0.75			5.90966e+29
0.1			0.8			4.89223e+29
0.1			0.85			3.54793e+29
0.1			0.9			1.91258e+29
0.1			0.95			6.09354e+27
0.1			1			0

0.15			0.05			8.68772e+29
0.15			0.1			8.54399e+29
0.15			0.15			8.33668e+29
0.15			0.2			8.10314e+29
0.15			0.25			7.87858e+29
0.15			0.3			7.68794e+29
0.15			0.35			7.54241e+29
0.15			0.4			7.44033e+29
0.15			0.45			7.36984e+29
0.15			0.5			7.31068e+29
0.15			0.55			7.23333e+29
0.15			0.6			7.09616e+29
0.15			0.65			6.84307e+29
0.15			0.7			6.40585e+29
0.15			0.75			5.7146e+29
0.15			0.8			4.71649e+29
0.15			0.85			3.39769e+29
0.15			0.9			1.79885e+29
0.15			0.95			1.70039e+27
0.15			1			0

0.2			0.05			8.45356e+29
0.2			0.1			8.30721e+29
0.2			0.15			8.0961e+29
0.2			0.2			7.85824e+29
0.2			0.25			7.62947e+29
0.2			0.3			7.43519e+29
0.2			0.35			7.28686e+29
0.2			0.4			7.18291e+29
0.2			0.45			7.11154e+29
0.2			0.5			7.05258e+29
0.2			0.55			6.97688e+29
0.2			0.6			6.8435e+29
0.2			0.65			6.59751e+29
0.2			0.7			6.17229e+29
0.2			0.75			5.49991e+29
0.2			0.8			4.52975e+29
0.2			0.85			3.25067e+29
0.2			0.9			1.70766e+29
0.2			0.95			4.76086e+26
0.2			1			0

0.25			0.05			8.22724e+29
0.25			0.1			8.07835e+29
0.25			0.15			7.86358e+29
0.25			0.2			7.62154e+29
0.25			0.25			7.3887e+29
0.25			0.3			7.19092e+29
0.25			0.35			7.0399e+29
0.25			0.4			6.93418e+29
0.25			0.45			6.86199e+29
0.25			0.5			6.80329e+29
0.25			0.55			6.72931e+29
0.25			0.6			6.59987e+29
0.25			0.65			6.3613e+29
0.25			0.7			5.94877e+29
0.25			0.75			5.29659e+29
0.25			0.8			4.35661e+29
0.25			0.85			3.12005e+29
0.25			0.9			1.6337e+29
0.25			0.95			1.33849e+26
0.25			1			0

0.3			0.05			8.03377e+29
0.3			0.1			7.88272e+29
0.3			0.15			7.66481e+29
0.3			0.2			7.41922e+29
0.3			0.25			7.18292e+29
0.3			0.3			6.98217e+29
0.3			0.35			6.82889e+29
0.3			0.4			6.72168e+29
0.3			0.45			6.64882e+29
0.3			0.5			6.5904e+29
0.3			0.55			6.51798e+29
0.3			0.6			6.39209e+29
0.3			0.65			6.16023e+29
0.3			0.7			5.75921e+29
0.3			0.75			5.12537e+29
0.3			0.8			4.21264e+29
0.3			0.85			3.01382e+29
0.3			0.9			1.57592e+29
0.3			0.95			3.78412e+25
0.3			1			0

0.35			0.05			7.88545e+29
0.35			0.1			7.73276e+29
0.35			0.15			7.51247e+29
0.35			0.2			7.26418e+29
0.35			0.25			7.02528e+29
0.35			0.3			6.82229e+29
0.35			0.35			6.66731e+29
0.35			0.4			6.55899e+29
0.35			0.45			6.48564e+29
0.35			0.5			6.42745e+29
0.35			0.55			6.35627e+29
0.35			0.6			6.2332e+29
0.35			0.65			6.00666e+29
0.35			0.7			5.6148e+29
0.35			0.75			4.99552e+29
0.35			0.8			4.10428e+29
0.35			0.85			2.93479e+29
0.35			0.9			1.5337e+29
0.35			0.95			1.08002e+25
0.35			1			0

0.4			0.05			7.78382e+29
0.4			0.1			7.63003e+29
0.4			0.15			7.40816e+29
0.4			0.2			7.15808e+29
0.4			0.25			6.91745e+29
0.4			0.3			6.71299e+29
0.4			0.35			6.55689e+29
0.4			0.4			6.44785e+29
0.4			0.45			6.37418e+29
0.4			0.5			6.31615e+29
0.4			0.55			6.24581e+29
0.4			0.6			6.12466e+29
0.4			0.65			5.90178e+29
0.4			0.7			5.51627e+29
0.4			0.75			4.90712e+29
0.4			0.8			4.03079e+29
0.4			0.85			2.88152e+29
0.4			0.9			1.50548e+29
0.4			0.95			3.17142e+24
0.4			1			0

0.45			0.05			7.72441e+29
0.45			0.1			7.57004e+29
0.45			0.15			7.34733e+29
0.45			0.2			7.0963e+29
0.45			0.25			6.85475e+29
0.45			0.3			6.64951e+29
0.45			0.35			6.49282e+29
0.45			0.4			6.38338e+29
0.45			0.45			6.30952e+29
0.45			0.5			6.25155e+29
0.45			0.55			6.18162e+29
0.45			0.6			6.06146e+29
0.45			0.65			5.84059e+29
0.45			0.7			5.45866e+29
0.45			0.75			4.85536e+29
0.45			0.8			3.98775e+29
0.45			0.85			2.85036e+29
0.45			0.9			1.48903e+29
0.45			0.95			1.10056e+24
0.45			1			0

0.5			0.05			7.702e+29
0.5			0.1			7.54751e+29
0.5			0.15			7.32461e+29
0.5			0.2			7.07337e+29
0.5			0.25			6.83162e+29
0.5			0.3			6.62621e+29
0.5			0.35			6.46937e+29
0.5			0.4			6.35982e+29
0.5			0.45			6.28586e+29
0.5			0.5			6.2278e+29
0.5			0.55			6.15781e+29
0.5			0.6			6.03774e+29
0.5			0.65			5.81724e+29
0.5			0.7			5.43628e+29
0.5			0.75			4.8349e+29
0.5			0.8			3.97049e+29
0.5			0.85			2.83773e+29
0.5			0.9			1.48233e+29
0.5			0.95			8.72312e+23
0.5			1			0

0.55			0.05			7.71434e+29
0.55			0.1			7.56016e+29
0.55			0.15			7.3377e+29
0.55			0.2			7.08697e+29
0.55			0.25			6.84569e+29
0.55			0.3			6.64067e+29
0.55			0.35			6.4841e+29
0.55			0.4			6.37467e+29
0.55			0.45			6.30065e+29
0.55			0.5			6.24229e+29
0.55			0.55			6.17172e+29
0.55			0.6			6.05069e+29
0.55			0.65			5.82888e+29
0.55			0.7			5.44626e+29
0.55			0.75			4.84297e+29
0.55			0.8			3.97655e+29
0.55			0.85			2.84178e+29
0.55			0.9			1.48436e+29
0.55			0.95			2.11074e+24
0.55			1			0

0.6			0.05			7.76357e+29
0.6			0.1			7.61014e+29
0.6			0.15			7.38879e+29
0.6			0.2			7.13928e+29
0.6			0.25			6.8992e+29
0.6			0.3			6.69516e+29
0.6			0.35			6.53929e+29
0.6			0.4			6.4302e+29
0.6			0.45			6.35611e+29
0.6			0.5			6.29717e+29
0.6			0.55			6.22532e+29
0.6			0.6			6.10213e+29
0.6			0.65			5.87703e+29
0.6			0.7			5.48982e+29
0.6			0.75			4.88053e+29
0.6			0.8			4.00667e+29
0.6			0.85			2.86301e+29
0.6			0.9			1.49544e+29
0.6			0.95			7.1312e+24
0.6			1			0

0.65			0.05			7.85484e+29
0.65			0.1			7.70268e+29
0.65			0.15			7.48315e+29
0.65			0.2			7.2357e+29
0.65			0.25			6.99758e+29
0.65			0.3			6.79519e+29
0.65			0.35			6.64049e+29
0.65			0.4			6.532e+29
0.65			0.45			6.4578e+29
0.65			0.5			6.39788e+29
0.65			0.55			6.32391e+29
0.65			0.6			6.19706e+29
0.65			0.65			5.96635e+29
0.65			0.7			5.57119e+29
0.65			0.75			4.95131e+29
0.65			0.8			4.06396e+29
0.65			0.85			2.90385e+29
0.65			0.9			1.517e+29
0.65			0.95			2.52938e+25
0.65			1			0

0.7			0.05			7.99266e+29
0.7			0.1			7.84229e+29
0.7			0.15			7.62536e+29
0.7			0.2			7.38085e+29
0.7			0.25			7.14556e+29
0.7			0.3			6.94554e+29
0.7			0.35			6.79251e+29
0.7			0.4			6.68485e+29
0.7			0.45			6.61049e+29
0.7			0.5			6.54914e+29
0.7			0.55			6.47204e+29
0.7			0.6			6.33986e+29
0.7			0.65			6.10098e+29
0.7			0.7			5.69427e+29
0.7			0.75			5.05893e+29
0.7			0.8			4.15182e+29
0.7			0.85			2.96726e+29
0.7			0.9			1.55111e+29
0.7			0.95			9.05907e+25
0.7			1			0

0.75			0.05			8.17567e+29
0.75			0.1			8.02761e+29
0.75			0.15			7.81401e+29
0.75			0.2			7.57326e+29
0.75			0.25			7.3416e+29
0.75			0.3			7.14462e+29
0.75			0.35			6.99376e+29
0.75			0.4			6.88717e+29
0.75			0.45			6.81257e+29
0.75			0.5			6.74932e+29
0.75			0.55			6.66814e+29
0.75			0.6			6.52901e+29
0.75			0.65			6.2796e+29
0.75			0.7			5.85804e+29
0.75			0.75			5.20299e+29
0.75			0.8			4.27074e+29
0.75			0.85			3.05483e+29
0.75			0.9			1.60004e+29
0.75			0.95			3.2572e+26
0.75			1			0

0.8			0.05			8.39199e+29
0.8			0.1			8.24657e+29
0.8			0.15			8.0368e+29
0.8			0.2			7.80041e+29
0.8			0.25			7.57294e+29
0.8			0.3			7.37949e+29
0.8			0.35			7.23113e+29
0.8			0.4			7.12577e+29
0.8			0.45			7.05087e+29
0.8			0.5			6.98538e+29
0.8			0.55			6.89943e+29
0.8			0.6			6.75223e+29
0.8			0.65			6.49068e+29
0.8			0.7			6.05226e+29
0.8			0.75			5.37515e+29
0.8			0.8			4.41522e+29
0.8			0.85			3.16504e+29
0.8			0.9			1.6667e+29
0.8			0.95			1.17413e+27
0.8			1			0

0.85			0.05			8.61721e+29
0.85			0.1			8.47449e+29
0.85			0.15			8.26865e+29
0.85			0.2			8.0367e+29
0.85			0.25			7.81354e+29
0.85			0.3			7.6237e+29
0.85			0.35			7.47791e+29
0.85			0.4			7.37382e+29
0.85			0.45			7.29858e+29
0.85			0.5			7.23076e+29
0.85			0.55			7.13987e+29
0.85			0.6			6.98442e+29
0.85			0.65			6.71058e+29
0.85			0.7			6.25538e+29
0.85			0.75			5.55694e+29
0.85			0.8			4.5715e+29
0.85			0.85			3.29171e+29
0.85			0.9			1.75659e+29
0.85			0.95			4.24112e+27
0.85			1			0

0.9			0.05			8.81722e+29
0.9			0.1			8.67687e+29
0.9			0.15			8.47446e+29
0.9			0.2			8.24642e+29
0.9			0.25			8.02704e+29
0.9			0.3			7.84039e+29
0.9			0.35			7.69686e+29
0.9			0.4			7.59387e+29
0.9			0.45			7.51833e+29
0.9			0.5			7.44843e+29
0.9			0.55			7.3532e+29
0.9			0.6			7.19052e+29
0.9			0.65			6.90603e+29
0.9			0.7			6.43659e+29
0.9			0.75			5.72083e+29
0.9			0.8			4.71674e+29
0.9			0.85			3.421e+29
0.9			0.9			1.87857e+29
0.9			0.95			1.53468e+28
0.9			1			0

0.95			0.05			8.95593e+29
0.95			0.1			8.81721e+29
0.95			0.15			8.61717e+29
0.95			0.2			8.39181e+29
0.95			0.25			8.17504e+29
0.95			0.3			7.99058e+29
0.95			0.35			7.84861e+29
0.95			0.4			7.74638e+29
0.95			0.45			7.67063e+29
0.95			0.5			7.59929e+29
0.95			0.55			7.50106e+29
0.95			0.6			7.3334e+29
0.95			0.65			7.04164e+29
0.95			0.7			6.56257e+29
0.95			0.75			5.8354e+29
0.95			0.8			4.82024e+29
0.95			0.85			3.52146e+29
0.95			0.9			2.01876e+29
0.95			0.95			5.56214e+28
0.95			1			0

1			0.05			9.00564e+29
1			0.1			8.8675e+29
1			0.15			8.6683e+29
1			0.2			8.4439e+29
1			0.25			8.22806e+29
1			0.3			8.04438e+29
1			0.35			7.90297e+29
1			0.4			7.80101e+29
1			0.45			7.72518e+29
1			0.5			7.65333e+29
1			0.55			7.55402e+29
1			0.6			7.38458e+29
1			0.65			7.09021e+29
1			0.7			6.60758e+29
1			0.75			5.87563e+29
1			0.8			4.85265e+29
1			0.85			3.53239e+29
1			0.9			1.93646e+29
1			0.95			0
1			1			80.9494

