0.05			0.05			1.07065e+20
0.05			0.1			1.04375e+20
0.05			0.15			1.00763e+20
0.05			0.2			9.71088e+19
0.05			0.25			9.40668e+19
0.05			0.3			9.19164e+19
0.05			0.35			9.06116e+19
0.05			0.4			8.99384e+19
0.05			0.45			8.96598e+19
0.05			0.5			8.95861e+19
0.05			0.55			8.95548e+19
0.05			0.6			8.93273e+19
0.05			0.65			8.8413e+19
0.05			0.7			8.58781e+19
0.05			0.75			8.02778e+19
0.05			0.8			6.99175e+19
0.05			0.85			5.35301e+19
0.05			0.9			3.10722e+19
0.05			0.95			3.59051e+18
0.05			1			0

0.1			0.05			1.04325e+20
0.1			0.1			1.01582e+20
0.1			0.15			9.78972e+19
0.1			0.2			9.4167e+19
0.1			0.25			9.10598e+19
0.1			0.3			8.88608e+19
0.1			0.35			8.75243e+19
0.1			0.4			8.68326e+19
0.1			0.45			8.65447e+19
0.1			0.5			8.64681e+19
0.1			0.55			8.64401e+19
0.1			0.6			8.62244e+19
0.1			0.65			8.53367e+19
0.1			0.7			8.28523e+19
0.1			0.75			7.73352e+19
0.1			0.8			6.70848e+19
0.1			0.85			5.07832e+19
0.1			0.9			2.82963e+19
0.1			0.95			1.03902e+18
0.1			1			0

0.15			0.05			1.00637e+20
0.15			0.1			9.7821e+19
0.15			0.15			9.40373e+19
0.15			0.2			9.02048e+19
0.15			0.25			8.70096e+19
0.15			0.3			8.47455e+19
0.15			0.35			8.33665e+19
0.15			0.4			8.26502e+19
0.15			0.45			8.23501e+19
0.15			0.5			8.227e+19
0.15			0.55			8.22473e+19
0.15			0.6			8.20504e+19
0.15			0.65			8.12065e+19
0.15			0.7			7.88119e+19
0.15			0.75			7.34643e+19
0.15			0.8			6.35112e+19
0.15			0.85			4.77033e+19
0.15			0.9			2.60398e+19
0.15			0.95			3.04986e+17
0.15			1			0

0.2			0.05			9.68875e+19
0.2			0.1			9.39972e+19
0.2			0.15			9.01119e+19
0.2			0.2			8.61747e+19
0.2			0.25			8.289e+19
0.2			0.3			8.056e+19
0.2			0.35			7.91384e+19
0.2			0.4			7.83977e+19
0.2			0.45			7.80855e+19
0.2			0.5			7.80024e+19
0.2			0.55			7.7986e+19
0.2			0.6			7.7811e+19
0.2			0.65			7.70194e+19
0.2			0.7			7.47351e+19
0.2			0.75			6.96029e+19
0.2			0.8			6.0041e+19
0.2			0.85			4.48955e+19
0.2			0.9			2.42808e+19
0.2			0.95			9.1761e+16
0.2			1			0

0.25			0.05			9.37404e+19
0.25			0.1			9.07864e+19
0.25			0.15			8.6815e+19
0.25			0.2			8.27895e+19
0.25			0.25			7.94298e+19
0.25			0.3			7.7045e+19
0.25			0.35			7.55884e+19
0.25			0.4			7.48278e+19
0.25			0.45			7.4506e+19
0.25			0.5			7.44206e+19
0.25			0.55			7.44102e+19
0.25			0.6			7.42556e+19
0.25			0.65			7.35128e+19
0.25			0.7			7.13332e+19
0.25			0.75			6.64066e+19
0.25			0.8			5.72168e+19
0.25			0.85			4.2687e+19
0.25			0.9			2.29951e+19
0.25			0.95			2.90831e+16
0.25			1			0

0.3			0.05			9.14796e+19
0.3			0.1			8.84794e+19
0.3			0.15			8.44458e+19
0.3			0.2			8.03568e+19
0.3			0.25			7.69437e+19
0.3			0.3			7.45204e+19
0.3			0.35			7.30394e+19
0.3			0.4			7.22652e+19
0.3			0.45			7.19369e+19
0.3			0.5			7.18501e+19
0.3			0.55			7.18442e+19
0.3			0.6			7.1705e+19
0.3			0.65			7.09997e+19
0.3			0.7			6.89011e+19
0.3			0.75			6.41338e+19
0.3			0.8			5.52293e+19
0.3			0.85			4.11621e+19
0.3			0.9			2.2138e+19
0.3			0.95			1.03955e+16
0.3			1			0

0.35			0.05			9.00619e+19
0.35			0.1			8.70328e+19
0.35			0.15			8.29604e+19
0.35			0.2			7.88324e+19
0.35			0.25			7.53867e+19
0.35			0.3			7.29402e+19
0.35			0.35			7.14449e+19
0.35			0.4			7.06628e+19
0.35			0.45			7.03307e+19
0.35			0.5			7.02432e+19
0.35			0.55			7.02401e+19
0.35			0.6			7.01106e+19
0.35			0.65			6.94295e+19
0.35			0.7			6.73836e+19
0.35			0.75			6.27202e+19
0.35			0.8			5.40009e+19
0.35			0.85			4.02296e+19
0.35			0.9			2.1623e+19
0.35			0.95			4.73411e+15
0.35			1			0

0.4			0.05			8.92745e+19
0.4			0.1			8.62301e+19
0.4			0.15			8.21374e+19
0.4			0.2			7.7989e+19
0.4			0.25			7.45265e+19
0.4			0.3			7.20684e+19
0.4			0.35			7.05659e+19
0.4			0.4			6.97799e+19
0.4			0.45			6.94461e+19
0.4			0.5			6.93582e+19
0.4			0.55			6.93565e+19
0.4			0.6			6.92321e+19
0.4			0.65			6.85642e+19
0.4			0.7			6.65476e+19
0.4			0.75			6.19424e+19
0.4			0.8			5.33271e+19
0.4			0.85			3.97209e+19
0.4			0.9			2.13445e+19
0.4			0.95			2.99317e+15
0.4			1			0

0.45			0.05			8.88865e+19
0.45			0.1			8.58359e+19
0.45			0.15			8.17349e+19
0.45			0.2			7.75784e+19
0.45			0.25			7.41095e+19
0.45			0.3			7.16469e+19
0.45			0.35			7.01418e+19
0.45			0.4			6.93544e+19
0.45			0.45			6.90199e+19
0.45			0.5			6.89318e+19
0.45			0.55			6.89307e+19
0.45			0.6			6.88083e+19
0.45			0.65			6.81461e+19
0.45			0.7			6.61427e+19
0.45			0.75			6.1565e+19
0.45			0.8			5.29997e+19
0.45			0.85			3.94739e+19
0.45			0.9			2.12097e+19
0.45			0.95			2.46288e+15
0.45			1			0

0.5			0.05			8.87382e+19
0.5			0.1			8.56872e+19
0.5			0.15			8.15856e+19
0.5			0.2			7.74287e+19
0.5			0.25			7.39594e+19
0.5			0.3			7.14967e+19
0.5			0.35			6.99916e+19
0.5			0.4			6.92042e+19
0.5			0.45			6.88696e+19
0.5			0.5			6.87814e+19
0.5			0.55			6.878e+19
0.5			0.6			6.86575e+19
0.5			0.65			6.79957e+19
0.5			0.7			6.59947e+19
0.5			0.75			6.14241e+19
0.5			0.8			5.2875e+19
0.5			0.85			3.93782e+19
0.5			0.9			2.11571e+19
0.5			0.95			2.35234e+15
0.5			1			0

0.55			0.05			8.87737e+19
0.55			0.1			8.57268e+19
0.55			0.15			8.16309e+19
0.55			0.2			7.74795e+19
0.55			0.25			7.40148e+19
0.55			0.3			7.15552e+19
0.55			0.35			7.0052e+19
0.55			0.4			6.92655e+19
0.55			0.45			6.89312e+19
0.55			0.5			6.88427e+19
0.55			0.55			6.88402e+19
0.55			0.6			6.87148e+19
0.55			0.65			6.80476e+19
0.55			0.7			6.6038e+19
0.55			0.75			6.14563e+19
0.55			0.8			5.28955e+19
0.55			0.85			3.9389e+19
0.55			0.9			2.11614e+19
0.55			0.95			2.53188e+15
0.55			1			0

0.6			0.05			8.90472e+19
0.6			0.1			8.60102e+19
0.6			0.15			8.19274e+19
0.6			0.2			7.77892e+19
0.6			0.25			7.43352e+19
0.6			0.3			7.18831e+19
0.6			0.35			7.03843e+19
0.6			0.4			6.96001e+19
0.6			0.45			6.92665e+19
0.6			0.5			6.91772e+19
0.6			0.55			6.91713e+19
0.6			0.6			6.90381e+19
0.6			0.65			6.83555e+19
0.6			0.7			6.63201e+19
0.6			0.75			6.17005e+19
0.6			0.8			5.30906e+19
0.6			0.85			3.95259e+19
0.6			0.9			2.12331e+19
0.6			0.95			3.36396e+15
0.6			1			0

0.65			0.05			8.97166e+19
0.65			0.1			8.66985e+19
0.65			0.15			8.26409e+19
0.65			0.2			7.85278e+19
0.65			0.25			7.50946e+19
0.65			0.3			7.2657e+19
0.65			0.35			7.11671e+19
0.65			0.4			7.03874e+19
0.65			0.45			7.00551e+19
0.65			0.5			6.99638e+19
0.65			0.55			6.99506e+19
0.65			0.6			6.98001e+19
0.65			0.65			6.90841e+19
0.65			0.7			6.69927e+19
0.65			0.75			6.22902e+19
0.65			0.8			5.35698e+19
0.65			0.85			3.9869e+19
0.65			0.9			2.14161e+19
0.65			0.95			6.37228e+15
0.65			1			0

0.7			0.05			9.10111e+19
0.7			0.1			8.80252e+19
0.7			0.15			8.40107e+19
0.7			0.2			7.99413e+19
0.7			0.25			7.65444e+19
0.7			0.3			7.41326e+19
0.7			0.35			7.26585e+19
0.7			0.4			7.1887e+19
0.7			0.45			7.1557e+19
0.7			0.5			7.14616e+19
0.7			0.55			7.1434e+19
0.7			0.6			7.12508e+19
0.7			0.65			7.04725e+19
0.7			0.7			6.82778e+19
0.7			0.75			6.34233e+19
0.7			0.8			5.44997e+19
0.7			0.85			4.05446e+19
0.7			0.9			2.17846e+19
0.7			0.95			1.69764e+16
0.7			1			0

0.75			0.05			9.3143e+19
0.75			0.1			9.02062e+19
0.75			0.15			8.6258e+19
0.75			0.2			8.22559e+19
0.75			0.25			7.89158e+19
0.75			0.3			7.65448e+19
0.75			0.35			7.50962e+19
0.75			0.4			7.4338e+19
0.75			0.45			7.40116e+19
0.75			0.5			7.3909e+19
0.75			0.55			7.38571e+19
0.75			0.6			7.362e+19
0.75			0.65			7.27409e+19
0.75			0.7			7.03814e+19
0.75			0.75			6.52868e+19
0.75			0.8			5.60442e+19
0.75			0.85			4.16882e+19
0.75			0.9			2.24315e+19
0.75			0.95			5.42674e+16
0.75			1			0

0.8			0.05			9.61583e+19
0.8			0.1			9.32876e+19
0.8			0.15			8.94288e+19
0.8			0.2			8.55184e+19
0.8			0.25			8.2256e+19
0.8			0.3			7.99417e+19
0.8			0.35			7.85288e+19
0.8			0.4			7.77894e+19
0.8			0.45			7.74679e+19
0.8			0.5			7.73546e+19
0.8			0.55			7.72674e+19
0.8			0.6			7.69535e+19
0.8			0.65			7.59334e+19
0.8			0.7			7.3347e+19
0.8			0.75			6.79273e+19
0.8			0.8			5.82604e+19
0.8			0.85			4.33768e+19
0.8			0.9			2.34541e+19
0.8			0.95			1.85729e+17
0.8			1			0

0.85			0.05			9.97808e+19
0.85			0.1			9.69867e+19
0.85			0.15			9.32319e+19
0.85			0.2			8.94288e+19
0.85			0.25			8.6258e+19
0.85			0.3			8.40109e+19
0.85			0.35			8.26408e+19
0.85			0.4			8.19241e+19
0.85			0.45			8.16082e+19
0.85			0.5			8.14815e+19
0.85			0.55			8.13511e+19
0.85			0.6			8.09444e+19
0.85			0.65			7.97563e+19
0.85			0.7			7.69042e+19
0.85			0.75			7.11128e+19
0.85			0.8			6.09784e+19
0.85			0.85			4.55451e+19
0.85			0.9			2.49497e+19
0.85			0.95			6.50928e+17
0.85			1			0

0.9			0.05			1.03361e+20
0.9			0.1			1.00641e+20
0.9			0.15			9.69867e+19
0.9			0.2			9.32876e+19
0.9			0.25			9.02062e+19
0.9			0.3			8.80251e+19
0.9			0.35			8.66973e+19
0.9			0.4			8.6003e+19
0.9			0.45			8.56927e+19
0.9			0.5			8.55522e+19
0.9			0.55			8.53783e+19
0.9			0.6			8.48792e+19
0.9			0.65			8.35261e+19
0.9			0.7			8.04169e+19
0.9			0.75			7.42757e+19
0.9			0.8			6.373e+19
0.9			0.85			4.78946e+19
0.9			0.9			2.69982e+19
0.9			0.95			2.30359e+18
0.9			1			0

0.95			0.05			1.06027e+20
0.95			0.1			1.03361e+20
0.95			0.15			9.97808e+19
0.95			0.2			9.61583e+19
0.95			0.25			9.31429e+19
0.95			0.3			9.10107e+19
0.95			0.35			8.97145e+19
0.95			0.4			8.9037e+19
0.95			0.45			8.87307e+19
0.95			0.5			8.85796e+19
0.95			0.55			8.83728e+19
0.95			0.6			8.78045e+19
0.95			0.65			8.63283e+19
0.95			0.7			8.30287e+19
0.95			0.75			7.66315e+19
0.95			0.8			6.57982e+19
0.95			0.85			4.97659e+19
0.95			0.9			2.92748e+19
0.95			0.95			8.19625e+18
0.95			1			0

1			0.05			1.07017e+20
1			0.1			1.04371e+20
1			0.15			1.00818e+20
1			0.2			9.72236e+19
1			0.25			9.42327e+19
1			0.3			9.21186e+19
1			0.35			9.08341e+19
1			0.4			9.01629e+19
1			0.45			8.9858e+19
1			0.5			8.9703e+19
1			0.55			8.94839e+19
1			0.6			8.88897e+19
1			0.65			8.73672e+19
1			0.7			8.39945e+19
1			0.75			7.74904e+19
1			0.8			6.64899e+19
1			0.85			5.00737e+19
1			0.9			2.8125e+19
1			0.95			0
1			1			54.9656

