0.05			0.05			8.50398e+13
0.05			0.1			8.1805e+13
0.05			0.15			7.7852e+13
0.05			0.2			7.43834e+13
0.05			0.25			7.2001e+13
0.05			0.3			7.0684e+13
0.05			0.35			7.00992e+13
0.05			0.4			6.99027e+13
0.05			0.45			6.98729e+13
0.05			0.5			6.9909e+13
0.05			0.55			6.9986e+13
0.05			0.6			7.01054e+13
0.05			0.65			7.01976e+13
0.05			0.7			6.98832e+13
0.05			0.75			6.80732e+13
0.05			0.8			6.26796e+13
0.05			0.85			5.10466e+13
0.05			0.9			3.14278e+13
0.05			0.95			4.2575e+12
0.05			1			0

0.1			0.05			8.1758e+13
0.1			0.1			7.84187e+13
0.1			0.15			7.43343e+13
0.1			0.2			7.07451e+13
0.1			0.25			6.82743e+13
0.1			0.3			6.69036e+13
0.1			0.35			6.62908e+13
0.1			0.4			6.60812e+13
0.1			0.45			6.60454e+13
0.1			0.5			6.60788e+13
0.1			0.55			6.61557e+13
0.1			0.6			6.62794e+13
0.1			0.65			6.6384e+13
0.1			0.7			6.6095e+13
0.1			0.75			6.43273e+13
0.1			0.8			5.89929e+13
0.1			0.85			4.74238e+13
0.1			0.9			2.78808e+13
0.1			0.95			1.35313e+12
0.1			1			0

0.15			0.05			7.77362e+13
0.15			0.1			7.42661e+13
0.15			0.15			7.00181e+13
0.15			0.2			6.62797e+13
0.15			0.25			6.37007e+13
0.15			0.3			6.2265e+13
0.15			0.35			6.16187e+13
0.15			0.4			6.13938e+13
0.15			0.45			6.1351e+13
0.15			0.5			6.13812e+13
0.15			0.55			6.14582e+13
0.15			0.6			6.15884e+13
0.15			0.65			6.17136e+13
0.15			0.7			6.14738e+13
0.15			0.75			5.98126e+13
0.15			0.8			5.47016e+13
0.15			0.85			4.35983e+13
0.15			0.9			2.50181e+13
0.15			0.95			4.64838e+11
0.15			1			0

0.2			0.05			7.41864e+13
0.2			0.1			7.05974e+13
0.2			0.15			6.62016e+13
0.2			0.2			6.23301e+13
0.2			0.25			5.96559e+13
0.2			0.3			5.8164e+13
0.2			0.35			5.74896e+13
0.2			0.4			5.7252e+13
0.2			0.45			5.72035e+13
0.2			0.5			5.72309e+13
0.2			0.55			5.73081e+13
0.2			0.6			5.74448e+13
0.2			0.65			5.75915e+13
0.2			0.7			5.74074e+13
0.2			0.75			5.58746e+13
0.2			0.8			5.10416e+13
0.2			0.85			4.05054e+13
0.2			0.9			2.29883e+13
0.2			0.95			1.87705e+11
0.2			1			0

0.25			0.05			7.17178e+13
0.25			0.1			6.80431e+13
0.25			0.15			6.35419e+13
0.25			0.2			5.9577e+13
0.25			0.25			5.68374e+13
0.25			0.3			5.53081e+13
0.25			0.35			5.46154e+13
0.25			0.4			5.43698e+13
0.25			0.45			5.43176e+13
0.25			0.5			5.43432e+13
0.25			0.55			5.44204e+13
0.25			0.6			5.45615e+13
0.25			0.65			5.47243e+13
0.25			0.7			5.4584e+13
0.25			0.75			5.31554e+13
0.25			0.8			4.85486e+13
0.25			0.85			3.84603e+13
0.25			0.9			2.17306e+13
0.25			0.95			9.96922e+10
0.25			1			0

0.3			0.05			7.03133e+13
0.3			0.1			6.65885e+13
0.3			0.15			6.20265e+13
0.3			0.2			5.80087e+13
0.3			0.25			5.52332e+13
0.3			0.3			5.3684e+13
0.3			0.35			5.29821e+13
0.3			0.4			5.27325e+13
0.3			0.45			5.26786e+13
0.3			0.5			5.27032e+13
0.3			0.55			5.27801e+13
0.3			0.6			5.29234e+13
0.3			0.65			5.30951e+13
0.3			0.7			5.29806e+13
0.3			0.75			5.16154e+13
0.3			0.8			4.71472e+13
0.3			0.85			3.73292e+13
0.3			0.9			2.10574e+13
0.3			0.95			7.14456e+10
0.3			1			0

0.35			0.05			6.96409e+13
0.35			0.1			6.58923e+13
0.35			0.15			6.1302e+13
0.35			0.2			5.72604e+13
0.35			0.25			5.44693e+13
0.35			0.3			5.29119e+13
0.35			0.35			5.22064e+13
0.35			0.4			5.19553e+13
0.35			0.45			5.19006e+13
0.35			0.5			5.19247e+13
0.35			0.55			5.20014e+13
0.35			0.6			5.21454e+13
0.35			0.65			5.23209e+13
0.35			0.7			5.22182e+13
0.35			0.75			5.08834e+13
0.35			0.8			4.64831e+13
0.35			0.85			3.67974e+13
0.35			0.9			2.07461e+13
0.35			0.95			6.23982e+10
0.35			1			0

0.4			0.05			6.93566e+13
0.4			0.1			6.55995e+13
0.4			0.15			6.09993e+13
0.4			0.2			5.69498e+13
0.4			0.25			5.41538e+13
0.4			0.3			5.25941e+13
0.4			0.35			5.18877e+13
0.4			0.4			5.16363e+13
0.4			0.45			5.15814e+13
0.4			0.5			5.16053e+13
0.4			0.55			5.16819e+13
0.4			0.6			5.1826e+13
0.4			0.65			5.20026e+13
0.4			0.7			5.19041e+13
0.4			0.75			5.05812e+13
0.4			0.8			4.62088e+13
0.4			0.85			3.65784e+13
0.4			0.9			2.06189e+13
0.4			0.95			5.95435e+10
0.4			1			0

0.45			0.05			6.92375e+13
0.45			0.1			6.54789e+13
0.45			0.15			6.08772e+13
0.45			0.2			5.68268e+13
0.45			0.25			5.40306e+13
0.45			0.3			5.24709e+13
0.45			0.35			5.17646e+13
0.45			0.4			5.15132e+13
0.45			0.45			5.14582e+13
0.45			0.5			5.14821e+13
0.45			0.55			5.15586e+13
0.45			0.6			5.17026e+13
0.45			0.65			5.18795e+13
0.45			0.7			5.17822e+13
0.45			0.75			5.04633e+13
0.45			0.8			4.61013e+13
0.45			0.85			3.64923e+13
0.45			0.9			2.05691e+13
0.45			0.95			5.86475e+10
0.45			1			0

0.5			0.05			6.91783e+13
0.5			0.1			6.54212e+13
0.5			0.15			6.08215e+13
0.5			0.2			5.67729e+13
0.5			0.25			5.3978e+13
0.5			0.3			5.24191e+13
0.5			0.35			5.17132e+13
0.5			0.4			5.14619e+13
0.5			0.45			5.1407e+13
0.5			0.5			5.14308e+13
0.5			0.55			5.15072e+13
0.5			0.6			5.16512e+13
0.5			0.65			5.18279e+13
0.5			0.7			5.17306e+13
0.5			0.75			5.04127e+13
0.5			0.8			4.60542e+13
0.5			0.85			3.6454e+13
0.5			0.9			2.05467e+13
0.5			0.95			5.83363e+10
0.5			1			0

0.55			0.05			6.91507e+13
0.55			0.1			6.53968e+13
0.55			0.15			6.08009e+13
0.55			0.2			5.67555e+13
0.55			0.25			5.39628e+13
0.55			0.3			5.24051e+13
0.55			0.35			5.16996e+13
0.55			0.4			5.14485e+13
0.55			0.45			5.13936e+13
0.55			0.5			5.14175e+13
0.55			0.55			5.14938e+13
0.55			0.6			5.16376e+13
0.55			0.65			5.18138e+13
0.55			0.7			5.17154e+13
0.55			0.75			5.03955e+13
0.55			0.8			4.60354e+13
0.55			0.85			3.64363e+13
0.55			0.9			2.05355e+13
0.55			0.95			5.82337e+10
0.55			1			0

0.6			0.05			6.91826e+13
0.6			0.1			6.54348e+13
0.6			0.15			6.0846e+13
0.6			0.2			5.68065e+13
0.6			0.25			5.40176e+13
0.6			0.3			5.24617e+13
0.6			0.35			5.17571e+13
0.6			0.4			5.15062e+13
0.6			0.45			5.14515e+13
0.6			0.5			5.14753e+13
0.6			0.55			5.15516e+13
0.6			0.6			5.16948e+13
0.6			0.65			5.18691e+13
0.6			0.7			5.17658e+13
0.6			0.75			5.04365e+13
0.6			0.8			4.6063e+13
0.6			0.85			3.64503e+13
0.6			0.9			2.05403e+13
0.6			0.95			5.85658e+10
0.6			1			0

0.65			0.05			6.93778e+13
0.65			0.1			6.56431e+13
0.65			0.15			6.10698e+13
0.65			0.2			5.70431e+13
0.65			0.25			5.42624e+13
0.65			0.3			5.27108e+13
0.65			0.35			5.20079e+13
0.65			0.4			5.17577e+13
0.65			0.45			5.17032e+13
0.65			0.5			5.17272e+13
0.65			0.55			5.18031e+13
0.65			0.6			5.19444e+13
0.65			0.65			5.21123e+13
0.65			0.7			5.19934e+13
0.65			0.75			5.06345e+13
0.65			0.8			4.62168e+13
0.65			0.85			3.65524e+13
0.65			0.9			2.05918e+13
0.65			0.95			6.08148e+10
0.65			1			0

0.7			0.05			6.99572e+13
0.7			0.1			6.62506e+13
0.7			0.15			6.17109e+13
0.7			0.2			5.77128e+13
0.7			0.25			5.49509e+13
0.7			0.3			5.34093e+13
0.7			0.35			5.27109e+13
0.7			0.4			5.24624e+13
0.7			0.45			5.24087e+13
0.7			0.5			5.24328e+13
0.7			0.55			5.25075e+13
0.7			0.6			5.2643e+13
0.7			0.65			5.27935e+13
0.7			0.7			5.26338e+13
0.7			0.75			5.11996e+13
0.7			0.8			4.66704e+13
0.7			0.85			3.68702e+13
0.7			0.9			2.07627e+13
0.7			0.95			7.0618e+10
0.7			1			0

0.75			0.05			7.12618e+13
0.75			0.1			6.76092e+13
0.75			0.15			6.31351e+13
0.75			0.2			5.91941e+13
0.75			0.25			5.6471e+13
0.75			0.3			5.49509e+13
0.75			0.35			5.42625e+13
0.75			0.4			5.40183e+13
0.75			0.45			5.39662e+13
0.75			0.5			5.39904e+13
0.75			0.55			5.40616e+13
0.75			0.6			5.41831e+13
0.75			0.65			5.4294e+13
0.75			0.7			5.40463e+13
0.75			0.75			5.24545e+13
0.75			0.8			4.76953e+13
0.75			0.85			3.76122e+13
0.75			0.9			2.11831e+13
0.75			0.95			1.07841e+11
0.75			1			0

0.8			0.05			7.3622e+13
0.8			0.1			7.00583e+13
0.8			0.15			6.56935e+13
0.8			0.2			6.18493e+13
0.8			0.25			5.91941e+13
0.8			0.3			5.77128e+13
0.8			0.35			5.70432e+13
0.8			0.4			5.68071e+13
0.8			0.45			5.67584e+13
0.8			0.5			5.67824e+13
0.8			0.55			5.68462e+13
0.8			0.6			5.69402e+13
0.8			0.65			5.69776e+13
0.8			0.7			5.65732e+13
0.8			0.75			5.47094e+13
0.8			0.8			4.9562e+13
0.8			0.85			3.90065e+13
0.8			0.9			2.20298e+13
0.8			0.95			2.41223e+11
0.8			1			0

0.85			0.05			7.70585e+13
0.85			0.1			7.36161e+13
0.85			0.15			6.94019e+13
0.85			0.2			6.56935e+13
0.85			0.25			6.31351e+13
0.85			0.3			6.17109e+13
0.85			0.35			6.10699e+13
0.85			0.4			6.08465e+13
0.85			0.45			6.08027e+13
0.85			0.5			6.0826e+13
0.85			0.55			6.08774e+13
0.85			0.6			6.09286e+13
0.85			0.65			6.08562e+13
0.85			0.7			6.02252e+13
0.85			0.75			5.79794e+13
0.85			0.8			5.23042e+13
0.85			0.85			4.11358e+13
0.85			0.9			2.34794e+13
0.85			0.95			7.08573e+11
0.85			1			0

0.9			0.05			8.0975e+13
0.9			0.1			7.76648e+13
0.9			0.15			7.36161e+13
0.9			0.2			7.00583e+13
0.9			0.25			6.76092e+13
0.9			0.3			6.62506e+13
0.9			0.35			6.56431e+13
0.9			0.4			6.54349e+13
0.9			0.45			6.5397e+13
0.9			0.5			6.54191e+13
0.9			0.55			6.54547e+13
0.9			0.6			6.54543e+13
0.9			0.65			6.52538e+13
0.9			0.7			6.43643e+13
0.9			0.75			6.16938e+13
0.9			0.8			5.54566e+13
0.9			0.85			4.37101e+13
0.9			0.9			2.56126e+13
0.9			0.95			2.33738e+12
0.9			1			0

0.95			0.05			8.418e+13
0.95			0.1			8.0975e+13
0.95			0.15			7.70585e+13
0.95			0.2			7.3622e+13
0.95			0.25			7.12618e+13
0.95			0.3			6.99572e+13
0.95			0.35			6.93778e+13
0.95			0.4			6.91825e+13
0.95			0.45			6.91495e+13
0.95			0.5			6.91702e+13
0.95			0.55			6.91921e+13
0.95			0.6			6.91476e+13
0.95			0.65			6.88394e+13
0.95			0.7			6.77355e+13
0.95			0.75			6.47156e+13
0.95			0.8			5.80253e+13
0.95			0.85			4.58811e+13
0.95			0.9			2.79887e+13
0.95			0.95			8.02619e+12
0.95			1			0

1			0.05			8.54272e+13
1			0.1			8.22627e+13
1			0.15			7.83971e+13
1			0.2			7.50074e+13
1			0.25			7.26817e+13
1			0.3			7.13982e+13
1			0.35			7.08298e+13
1			0.4			7.06395e+13
1			0.45			7.06086e+13
1			0.5			7.06286e+13
1			0.55			7.06449e+13
1			0.6			7.05828e+13
1			0.65			7.02315e+13
1			0.7			6.90409e+13
1			0.75			6.58712e+13
1			0.8			5.89398e+13
1			0.85			4.63215e+13
1			0.9			2.69013e+13
1			0.95			0
1			1			38.9756

