0.05			0.05			3.59692e+21
0.05			0.1			3.51406e+21
0.05			0.15			3.40108e+21
0.05			0.2			3.2841e+21
0.05			0.25			3.18369e+21
0.05			0.3			3.10989e+21
0.05			0.35			3.0629e+21
0.05			0.4			3.03711e+21
0.05			0.45			3.02528e+21
0.05			0.5			3.0207e+21
0.05			0.55			3.01663e+21
0.05			0.6			3.00292e+21
0.05			0.65			2.96081e+21
0.05			0.7			2.85808e+21
0.05			0.75			2.64905e+21
0.05			0.8			2.2845e+21
0.05			0.85			1.73205e+21
0.05			0.9			9.96993e+20
0.05			0.95			1.12865e+20
0.05			1			0

0.1			0.05			3.51243e+21
0.1			0.1			3.42808e+21
0.1			0.15			3.31303e+21
0.1			0.2			3.19388e+21
0.1			0.25			3.09154e+21
0.1			0.3			3.01625e+21
0.1			0.35			2.96825e+21
0.1			0.4			2.94185e+21
0.1			0.45			2.92971e+21
0.1			0.5			2.92504e+21
0.1			0.55			2.92111e+21
0.1			0.6			2.90786e+21
0.1			0.65			2.86675e+21
0.1			0.7			2.76586e+21
0.1			0.75			2.55975e+21
0.1			0.8			2.19886e+21
0.1			0.85			1.64888e+21
0.1			0.9			9.11788e+20
0.1			0.95			3.23249e+19
0.1			1			0

0.15			0.05			3.39694e+21
0.15			0.1			3.31054e+21
0.15			0.15			3.19266e+21
0.15			0.2			3.07052e+21
0.15			0.25			2.96553e+21
0.15			0.3			2.88822e+21
0.15			0.35			2.83885e+21
0.15			0.4			2.81163e+21
0.15			0.45			2.79906e+21
0.15			0.5			2.79429e+21
0.15			0.55			2.79058e+21
0.15			0.6			2.77807e+21
0.15			0.65			2.73859e+21
0.15			0.7			2.64092e+21
0.15			0.75			2.44064e+21
0.15			0.8			2.08953e+21
0.15			0.85			1.55506e+21
0.15			0.9			8.4293e+20
0.15			0.95			9.35252e+18
0.15			1			0

0.2			0.05			3.27685e+21
0.2			0.1			3.1883e+21
0.2			0.15			3.06745e+21
0.2			0.2			2.94218e+21
0.2			0.25			2.83444e+21
0.2			0.3			2.75502e+21
0.2			0.35			2.70424e+21
0.2			0.4			2.67618e+21
0.2			0.45			2.66319e+21
0.2			0.5			2.65833e+21
0.2			0.55			2.65489e+21
0.2			0.6			2.64324e+21
0.2			0.65			2.60573e+21
0.2			0.7			2.51204e+21
0.2			0.75			2.31925e+21
0.2			0.8			1.98118e+21
0.2			0.85			1.46801e+21
0.2			0.9			7.88666e+20
0.2			0.95			2.74957e+18
0.2			1			0

0.25			0.05			3.17294e+21
0.25			0.1			3.0825e+21
0.25			0.15			2.95906e+21
0.25			0.2			2.83108e+21
0.25			0.25			2.72096e+21
0.25			0.3			2.63974e+21
0.25			0.35			2.58776e+21
0.25			0.4			2.55899e+21
0.25			0.45			2.54565e+21
0.25			0.5			2.54072e+21
0.25			0.55			2.53755e+21
0.25			0.6			2.52672e+21
0.25			0.65			2.4911e+21
0.25			0.7			2.40128e+21
0.25			0.75			2.21579e+21
0.25			0.8			1.89045e+21
0.25			0.85			1.39764e+21
0.25			0.9			7.48004e+20
0.25			0.95			8.33602e+17
0.25			1			0

0.3			0.05			3.09544e+21
0.3			0.1			3.00358e+21
0.3			0.15			2.8782e+21
0.3			0.2			2.74819e+21
0.3			0.25			2.63631e+21
0.3			0.3			2.55377e+21
0.3			0.35			2.50092e+21
0.3			0.4			2.47163e+21
0.3			0.45			2.45805e+21
0.3			0.5			2.45308e+21
0.3			0.55			2.45012e+21
0.3			0.6			2.43994e+21
0.3			0.65			2.40583e+21
0.3			0.7			2.31912e+21
0.3			0.75			2.13949e+21
0.3			0.8			1.82425e+21
0.3			0.85			1.34728e+21
0.3			0.9			7.19924e+20
0.3			0.95			2.71162e+17
0.3			1			0

0.35			0.05			3.04466e+21
0.35			0.1			2.95187e+21
0.35			0.15			2.82523e+21
0.35			0.2			2.69391e+21
0.35			0.25			2.5809e+21
0.35			0.3			2.49753e+21
0.35			0.35			2.44413e+21
0.35			0.4			2.41453e+21
0.35			0.45			2.4008e+21
0.35			0.5			2.39581e+21
0.35			0.55			2.39299e+21
0.35			0.6			2.38325e+21
0.35			0.65			2.35015e+21
0.35			0.7			2.26556e+21
0.35			0.75			2.08992e+21
0.35			0.8			1.78153e+21
0.35			0.85			1.31513e+21
0.35			0.9			7.02312e+20
0.35			0.95			1.0379e+17
0.35			1			0

0.4			0.05			3.01511e+21
0.4			0.1			2.9218e+21
0.4			0.15			2.79446e+21
0.4			0.2			2.66242e+21
0.4			0.25			2.5488e+21
0.4			0.3			2.46497e+21
0.4			0.35			2.41128e+21
0.4			0.4			2.38152e+21
0.4			0.45			2.36771e+21
0.4			0.5			2.36271e+21
0.4			0.55			2.35997e+21
0.4			0.6			2.35047e+21
0.4			0.65			2.31796e+21
0.4			0.7			2.23461e+21
0.4			0.75			2.06133e+21
0.4			0.8			1.75697e+21
0.4			0.85			1.29676e+21
0.4			0.9			6.92331e+20
0.4			0.95			5.33225e+16
0.4			1			0

0.45			0.05			2.99999e+21
0.45			0.1			2.90646e+21
0.45			0.15			2.77881e+21
0.45			0.2			2.64646e+21
0.45			0.25			2.53258e+21
0.45			0.3			2.44856e+21
0.45			0.35			2.39476e+21
0.45			0.4			2.36493e+21
0.45			0.45			2.35108e+21
0.45			0.5			2.34608e+21
0.45			0.55			2.34337e+21
0.45			0.6			2.33398e+21
0.45			0.65			2.30174e+21
0.45			0.7			2.21898e+21
0.45			0.75			2.04686e+21
0.45			0.8			1.74453e+21
0.45			0.85			1.28746e+21
0.45			0.9			6.87295e+20
0.45			0.95			3.83328e+16
0.45			1			0

0.5			0.05			2.99428e+21
0.5			0.1			2.90073e+21
0.5			0.15			2.77304e+21
0.5			0.2			2.64066e+21
0.5			0.25			2.52675e+21
0.5			0.3			2.44272e+21
0.5			0.35			2.3889e+21
0.5			0.4			2.35906e+21
0.5			0.45			2.34521e+21
0.5			0.5			2.3402e+21
0.5			0.55			2.33748e+21
0.5			0.6			2.32809e+21
0.5			0.65			2.29588e+21
0.5			0.7			2.21323e+21
0.5			0.75			2.04143e+21
0.5			0.8			1.73977e+21
0.5			0.85			1.28384e+21
0.5			0.9			6.85324e+20
0.5			0.95			3.55833e+16
0.5			1			0

0.55			0.05			2.99617e+21
0.55			0.1			2.90275e+21
0.55			0.15			2.77526e+21
0.55			0.2			2.64306e+21
0.55			0.25			2.52932e+21
0.55			0.3			2.44541e+21
0.55			0.35			2.39167e+21
0.55			0.4			2.36187e+21
0.55			0.45			2.34803e+21
0.55			0.5			2.343e+21
0.55			0.55			2.34022e+21
0.55			0.6			2.33069e+21
0.55			0.65			2.29824e+21
0.55			0.7			2.21523e+21
0.55			0.75			2.04297e+21
0.55			0.8			1.74083e+21
0.55			0.85			1.28448e+21
0.55			0.9			6.85618e+20
0.55			0.95			4.16607e+16
0.55			1			0

0.6			0.05			3.0074e+21
0.6			0.1			2.91432e+21
0.6			0.15			2.78729e+21
0.6			0.2			2.65556e+21
0.6			0.25			2.54222e+21
0.6			0.3			2.4586e+21
0.6			0.35			2.40504e+21
0.6			0.4			2.37534e+21
0.6			0.45			2.36152e+21
0.6			0.5			2.35644e+21
0.6			0.55			2.3535e+21
0.6			0.6			2.34361e+21
0.6			0.65			2.3105e+21
0.6			0.7			2.22645e+21
0.6			0.75			2.0527e+21
0.6			0.8			1.74863e+21
0.6			0.85			1.28998e+21
0.6			0.9			6.88501e+20
0.6			0.95			6.82084e+16
0.6			1			0

0.65			0.05			3.03295e+21
0.65			0.1			2.9405e+21
0.65			0.15			2.81431e+21
0.65			0.2			2.68346e+21
0.65			0.25			2.57086e+21
0.65			0.3			2.48779e+21
0.65			0.35			2.43457e+21
0.65			0.4			2.40506e+21
0.65			0.45			2.39129e+21
0.65			0.5			2.38611e+21
0.65			0.55			2.38282e+21
0.65			0.6			2.3722e+21
0.65			0.65			2.33775e+21
0.65			0.7			2.25155e+21
0.65			0.75			2.07469e+21
0.65			0.8			1.76653e+21
0.65			0.85			1.3028e+21
0.65			0.9			6.95334e+20
0.65			0.95			1.63362e+17
0.65			1			0

0.7			0.05			3.07956e+21
0.7			0.1			2.98814e+21
0.7			0.15			2.86335e+21
0.7			0.2			2.73395e+21
0.7			0.25			2.6226e+21
0.7			0.3			2.54045e+21
0.7			0.35			2.48783e+21
0.7			0.4			2.45863e+21
0.7			0.45			2.44493e+21
0.7			0.5			2.43955e+21
0.7			0.55			2.43564e+21
0.7			0.6			2.42372e+21
0.7			0.65			2.38691e+21
0.7			0.7			2.29694e+21
0.7			0.75			2.11468e+21
0.7			0.8			1.79935e+21
0.7			0.85			1.32666e+21
0.7			0.9			7.08309e+20
0.7			0.95			4.98934e+17
0.7			1			0

0.75			0.05			3.15275e+21
0.75			0.1			3.06283e+21
0.75			0.15			2.9401e+21
0.75			0.2			2.81285e+21
0.75			0.25			2.70337e+21
0.75			0.3			2.62262e+21
0.75			0.35			2.5709e+21
0.75			0.4			2.54218e+21
0.75			0.45			2.52859e+21
0.75			0.5			2.52289e+21
0.75			0.55			2.518e+21
0.75			0.6			2.50402e+21
0.75			0.65			2.46357e+21
0.75			0.7			2.36788e+21
0.75			0.75			2.17747e+21
0.75			0.8			1.85141e+21
0.75			0.85			1.36519e+21
0.75			0.9			7.30048e+20
0.75			0.95			1.68339e+18
0.75			1			0

0.8			0.05			3.25229e+21
0.8			0.1			3.16433e+21
0.8			0.15			3.0443e+21
0.8			0.2			2.91987e+21
0.8			0.25			2.81286e+21
0.8			0.3			2.73396e+21
0.8			0.35			2.68346e+21
0.8			0.4			2.65539e+21
0.8			0.45			2.64194e+21
0.8			0.5			2.63578e+21
0.8			0.55			2.62952e+21
0.8			0.6			2.61276e+21
0.8			0.65			2.56744e+21
0.8			0.7			2.46419e+21
0.8			0.75			2.26318e+21
0.8			0.8			1.9234e+21
0.8			0.85			1.42008e+21
0.8			0.9			7.63242e+20
0.8			0.95			5.87832e+18
0.8			1			0

0.85			0.05			3.36825e+21
0.85			0.1			3.2825e+21
0.85			0.15			3.16552e+21
0.85			0.2			3.0443e+21
0.85			0.25			2.9401e+21
0.85			0.3			2.86335e+21
0.85			0.35			2.81426e+21
0.85			0.4			2.78694e+21
0.85			0.45			2.77365e+21
0.85			0.5			2.76692e+21
0.85			0.55			2.75907e+21
0.85			0.6			2.73906e+21
0.85			0.65			2.68813e+21
0.85			0.7			2.57632e+21
0.85			0.75			2.36361e+21
0.85			0.8			2.00926e+21
0.85			0.85			1.48877e+21
0.85			0.9			8.10777e+20
0.85			0.95			2.0791e+19
0.85			1			0

0.9			0.05			3.48026e+21
0.9			0.1			3.3966e+21
0.9			0.15			3.2825e+21
0.9			0.2			3.16433e+21
0.9			0.25			3.06282e+21
0.9			0.3			2.98812e+21
0.9			0.35			2.94039e+21
0.9			0.4			2.9138e+21
0.9			0.45			2.90065e+21
0.9			0.5			2.89338e+21
0.9			0.55			2.88395e+21
0.9			0.6			2.8608e+21
0.9			0.65			2.80451e+21
0.9			0.7			2.68464e+21
0.9			0.75			2.46123e+21
0.9			0.8			2.0945e+21
0.9			0.85			1.56208e+21
0.9			0.9			8.75471e+20
0.9			0.95			7.39915e+19
0.9			1			0

0.95			0.05			3.5624e+21
0.95			0.1			3.48026e+21
0.95			0.15			3.36825e+21
0.95			0.2			3.25229e+21
0.95			0.25			3.15274e+21
0.95			0.3			3.07954e+21
0.95			0.35			3.0328e+21
0.95			0.4			3.00674e+21
0.95			0.45			2.99369e+21
0.95			0.5			2.98601e+21
0.95			0.55			2.97543e+21
0.95			0.6			2.94996e+21
0.95			0.65			2.88975e+21
0.95			0.7			2.76402e+21
0.95			0.75			2.53294e+21
0.95			0.8			2.1578e+21
0.95			0.85			1.62005e+21
0.95			0.9			9.47649e+20
0.95			0.95			2.64384e+20
0.95			1			0

1			0.05			3.59267e+21
1			0.1			3.51108e+21
1			0.15			3.39984e+21
1			0.2			3.28469e+21
1			0.25			3.18586e+21
1			0.3			3.1132e+21
1			0.35			3.06683e+21
1			0.4			3.04097e+21
1			0.45			3.02796e+21
1			0.5			3.02013e+21
1			0.55			3.00911e+21
1			0.6			2.98279e+21
1			0.65			2.92111e+21
1			0.7			2.79315e+21
1			0.75			2.55888e+21
1			0.8			2.17872e+21
1			0.85			1.62906e+21
1			0.9			9.10188e+20
1			0.95			0
1			1			58.9631

