0.05			0.05			340.787
0.05			0.1			284.997
0.05			0.15			269.18
0.05			0.2			267.348
0.05			0.25			267.516
0.05			0.3			267.683
0.05			0.35			267.85
0.05			0.4			268.018
0.05			0.45			268.185
0.05			0.5			268.353
0.05			0.55			268.521
0.05			0.6			268.689
0.05			0.65			268.857
0.05			0.7			269.025
0.05			0.75			269.193
0.05			0.8			271.382
0.05			0.85			285.691
0.05			0.9			314.123
0.05			0.95			203.093
0.05			1			0

0.1			0.05			284.647
0.1			0.1			216.865
0.1			0.15			195.018
0.1			0.2			193.142
0.1			0.25			193.263
0.1			0.3			193.384
0.1			0.35			193.504
0.1			0.4			193.625
0.1			0.45			193.747
0.1			0.5			193.868
0.1			0.55			193.989
0.1			0.6			194.11
0.1			0.65			194.231
0.1			0.7			194.353
0.1			0.75			194.474
0.1			0.8			196.615
0.1			0.85			216.931
0.1			0.9			257.427
0.1			0.95			160.565
0.1			1			0

0.15			0.05			268.485
0.15			0.1			194.738
0.15			0.15			172.892
0.15			0.2			171.003
0.15			0.25			171.11
0.15			0.3			171.217
0.15			0.35			171.324
0.15			0.4			171.431
0.15			0.45			171.538
0.15			0.5			171.646
0.15			0.55			171.753
0.15			0.6			171.86
0.15			0.65			171.968
0.15			0.7			172.075
0.15			0.75			172.183
0.15			0.8			174.309
0.15			0.85			194.598
0.15			0.9			241.117
0.15			0.95			154.406
0.15			1			0

0.2			0.05			266.319
0.2			0.1			192.617
0.2			0.15			170.783
0.2			0.2			168.894
0.2			0.25			169
0.2			0.3			169.106
0.2			0.35			169.211
0.2			0.4			169.317
0.2			0.45			169.423
0.2			0.5			169.529
0.2			0.55			169.635
0.2			0.6			169.741
0.2			0.65			169.847
0.2			0.7			169.953
0.2			0.75			170.06
0.2			0.8			172.183
0.2			0.85			192.458
0.2			0.9			238.947
0.2			0.95			154.309
0.2			1			0

0.25			0.05			266.153
0.25			0.1			192.497
0.25			0.15			170.677
0.25			0.2			168.789
0.25			0.25			168.894
0.25			0.3			169
0.25			0.35			169.106
0.25			0.4			169.211
0.25			0.45			169.317
0.25			0.5			169.423
0.25			0.55			169.529
0.25			0.6			169.635
0.25			0.65			169.741
0.25			0.7			169.847
0.25			0.75			169.953
0.25			0.8			172.075
0.25			0.85			192.338
0.25			0.9			238.798
0.25			0.95			154.213
0.25			1			0

0.3			0.05			265.986
0.3			0.1			192.377
0.3			0.15			170.57
0.3			0.2			168.683
0.3			0.25			168.789
0.3			0.3			168.894
0.3			0.35			169
0.3			0.4			169.106
0.3			0.45			169.211
0.3			0.5			169.317
0.3			0.55			169.423
0.3			0.6			169.529
0.3			0.65			169.635
0.3			0.7			169.741
0.3			0.75			169.847
0.3			0.8			171.968
0.3			0.85			192.218
0.3			0.9			238.648
0.3			0.95			154.117
0.3			1			0

0.35			0.05			265.82
0.35			0.1			192.257
0.35			0.15			170.463
0.35			0.2			168.578
0.35			0.25			168.683
0.35			0.3			168.789
0.35			0.35			168.894
0.35			0.4			169
0.35			0.45			169.106
0.35			0.5			169.211
0.35			0.55			169.317
0.35			0.6			169.423
0.35			0.65			169.529
0.35			0.7			169.635
0.35			0.75			169.741
0.35			0.8			171.86
0.35			0.85			192.098
0.35			0.9			238.499
0.35			0.95			154.02
0.35			1			0

0.4			0.05			265.654
0.4			0.1			192.136
0.4			0.15			170.357
0.4			0.2			168.473
0.4			0.25			168.578
0.4			0.3			168.683
0.4			0.35			168.789
0.4			0.4			168.894
0.4			0.45			169
0.4			0.5			169.106
0.4			0.55			169.211
0.4			0.6			169.317
0.4			0.65			169.423
0.4			0.7			169.529
0.4			0.75			169.635
0.4			0.8			171.753
0.4			0.85			191.978
0.4			0.9			238.35
0.4			0.95			153.924
0.4			1			0

0.45			0.05			265.488
0.45			0.1			192.016
0.45			0.15			170.25
0.45			0.2			168.368
0.45			0.25			168.473
0.45			0.3			168.578
0.45			0.35			168.683
0.45			0.4			168.789
0.45			0.45			168.894
0.45			0.5			169
0.45			0.55			169.106
0.45			0.6			169.211
0.45			0.65			169.317
0.45			0.7			169.423
0.45			0.75			169.529
0.45			0.8			171.646
0.45			0.85			191.858
0.45			0.9			238.201
0.45			0.95			153.828
0.45			1			0

0.5			0.05			265.322
0.5			0.1			191.896
0.5			0.15			170.144
0.5			0.2			168.262
0.5			0.25			168.368
0.5			0.3			168.473
0.5			0.35			168.578
0.5			0.4			168.683
0.5			0.45			168.789
0.5			0.5			168.894
0.5			0.55			169
0.5			0.6			169.106
0.5			0.65			169.211
0.5			0.7			169.317
0.5			0.75			169.423
0.5			0.8			171.538
0.5			0.85			191.738
0.5			0.9			238.052
0.5			0.95			153.732
0.5			1			0

0.55			0.05			265.156
0.55			0.1			191.776
0.55			0.15			170.038
0.55			0.2			168.157
0.55			0.25			168.262
0.55			0.3			168.368
0.55			0.35			168.473
0.55			0.4			168.578
0.55			0.45			168.683
0.55			0.5			168.789
0.55			0.55			168.894
0.55			0.6			169
0.55			0.65			169.106
0.55			0.7			169.211
0.55			0.75			169.317
0.55			0.8			171.431
0.55			0.85			191.618
0.55			0.9			237.904
0.55			0.95			153.636
0.55			1			0

0.6			0.05			264.991
0.6			0.1			191.657
0.6			0.15			169.932
0.6			0.2			168.052
0.6			0.25			168.157
0.6			0.3			168.262
0.6			0.35			168.368
0.6			0.4			168.473
0.6			0.45			168.578
0.6			0.5			168.683
0.6			0.55			168.789
0.6			0.6			168.894
0.6			0.65			169
0.6			0.7			169.106
0.6			0.75			169.211
0.6			0.8			171.324
0.6			0.85			191.498
0.6			0.9			237.755
0.6			0.95			153.54
0.6			1			0

0.65			0.05			264.825
0.65			0.1			191.537
0.65			0.15			169.825
0.65			0.2			167.947
0.65			0.25			168.052
0.65			0.3			168.157
0.65			0.35			168.262
0.65			0.4			168.368
0.65			0.45			168.473
0.65			0.5			168.578
0.65			0.55			168.683
0.65			0.6			168.789
0.65			0.65			168.894
0.65			0.7			169
0.65			0.75			169.106
0.65			0.8			171.217
0.65			0.85			191.379
0.65			0.9			237.606
0.65			0.95			153.444
0.65			1			0

0.7			0.05			264.66
0.7			0.1			191.417
0.7			0.15			169.719
0.7			0.2			167.842
0.7			0.25			167.947
0.7			0.3			168.052
0.7			0.35			168.157
0.7			0.4			168.262
0.7			0.45			168.368
0.7			0.5			168.473
0.7			0.55			168.578
0.7			0.6			168.683
0.7			0.65			168.789
0.7			0.7			168.894
0.7			0.75			169
0.7			0.8			171.11
0.7			0.85			191.259
0.7			0.9			237.458
0.7			0.95			153.348
0.7			1			0

0.75			0.05			264.494
0.75			0.1			191.298
0.75			0.15			169.613
0.75			0.2			167.737
0.75			0.25			167.842
0.75			0.3			167.947
0.75			0.35			168.052
0.75			0.4			168.157
0.75			0.45			168.262
0.75			0.5			168.368
0.75			0.55			168.473
0.75			0.6			168.578
0.75			0.65			168.683
0.75			0.7			168.789
0.75			0.75			168.894
0.75			0.8			171.003
0.75			0.85			191.14
0.75			0.9			237.31
0.75			0.95			153.252
0.75			1			0

0.8			0.05			264.329
0.8			0.1			191.178
0.8			0.15			169.507
0.8			0.2			167.633
0.8			0.25			167.737
0.8			0.3			167.842
0.8			0.35			167.947
0.8			0.4			168.052
0.8			0.45			168.157
0.8			0.5			168.262
0.8			0.55			168.368
0.8			0.6			168.473
0.8			0.65			168.578
0.8			0.7			168.683
0.8			0.75			168.789
0.8			0.8			170.896
0.8			0.85			191.02
0.8			0.9			237.161
0.8			0.95			151.158
0.8			1			0

0.85			0.05			266.14
0.85			0.1			193.036
0.85			0.15			171.38
0.85			0.2			169.507
0.85			0.25			169.613
0.85			0.3			169.719
0.85			0.35			169.825
0.85			0.4			169.932
0.85			0.45			170.038
0.85			0.5			170.144
0.85			0.55			170.25
0.85			0.6			170.357
0.85			0.65			170.463
0.85			0.7			170.57
0.85			0.75			170.677
0.85			0.8			172.784
0.85			0.85			192.896
0.85			0.9			233.016
0.85			0.95			139.075
0.85			1			0

0.9			0.05			281.788
0.9			0.1			214.665
0.9			0.15			193.036
0.9			0.2			191.178
0.9			0.25			191.298
0.9			0.3			191.417
0.9			0.35			191.537
0.9			0.4			191.657
0.9			0.45			191.776
0.9			0.5			191.896
0.9			0.55			192.016
0.9			0.6			192.136
0.9			0.65			192.257
0.9			0.7			192.377
0.9			0.75			192.497
0.9			0.8			194.617
0.9			0.85			208.736
0.9			0.9			223.868
0.9			0.95			117.007
0.9			1			0

0.95			0.05			336.991
0.95			0.1			281.788
0.95			0.15			266.14
0.95			0.2			264.329
0.95			0.25			264.494
0.95			0.3			264.66
0.95			0.35			264.825
0.95			0.4			264.991
0.95			0.45			265.156
0.95			0.5			265.322
0.95			0.55			265.488
0.95			0.6			265.654
0.95			0.65			265.82
0.95			0.7			265.986
0.95			0.75			266.153
0.95			0.8			266.319
0.95			0.85			262.493
0.95			0.9			231.697
0.95			0.95			117.92
0.95			1			0

1			0.05			384.372
1			0.1			337.109
1			0.15			325.451
1			0.2			325.654
1			0.25			325.858
1			0.3			326.061
1			0.35			326.265
1			0.4			326.469
1			0.45			326.673
1			0.5			326.878
1			0.55			327.082
1			0.6			327.286
1			0.65			327.491
1			0.7			327.696
1			0.75			327.901
1			0.8			325.109
1			0.85			303.336
1			0.9			221.62
1			0.95			0
1			1			8.99438

