0.05			0.05			1.6443e+16
0.05			0.1			1.59158e+16
0.05			0.15			1.52426e+16
0.05			0.2			1.46116e+16
0.05			0.25			1.41377e+16
0.05			0.3			1.38438e+16
0.05			0.35			1.36925e+16
0.05			0.4			1.36294e+16
0.05			0.45			1.36117e+16
0.05			0.5			1.36151e+16
0.05			0.55			1.36287e+16
0.05			0.6			1.36412e+16
0.05			0.65			1.36138e+16
0.05			0.7			1.34352e+16
0.05			0.75			1.28716e+16
0.05			0.8			1.15662e+16
0.05			0.85			9.15338e+15
0.05			0.9			5.47647e+15
0.05			0.95			6.84906e+14
0.05			1			0

0.1			0.05			1.59073e+16
0.1			0.1			1.53661e+16
0.1			0.15			1.46748e+16
0.1			0.2			1.40261e+16
0.1			0.25			1.35382e+16
0.1			0.3			1.32351e+16
0.1			0.35			1.30783e+16
0.1			0.4			1.30125e+16
0.1			0.45			1.29935e+16
0.1			0.5			1.29964e+16
0.1			0.55			1.30102e+16
0.1			0.6			1.30238e+16
0.1			0.65			1.29993e+16
0.1			0.7			1.28266e+16
0.1			0.75			1.22732e+16
0.1			0.8			1.09826e+16
0.1			0.85			8.5849e+15
0.1			0.9			4.91666e+15
0.1			0.95			2.07091e+14
0.1			1			0

0.15			0.05			1.52215e+16
0.15			0.1			1.46622e+16
0.15			0.15			1.39473e+16
0.15			0.2			1.32759e+16
0.15			0.25			1.27702e+16
0.15			0.3			1.24552e+16
0.15			0.35			1.22916e+16
0.15			0.4			1.22224e+16
0.15			0.45			1.22018e+16
0.15			0.5			1.22041e+16
0.15			0.55			1.22182e+16
0.15			0.6			1.22336e+16
0.15			0.65			1.2214e+16
0.15			0.7			1.20523e+16
0.15			0.75			1.15219e+16
0.15			0.8			1.02767e+16
0.15			0.85			7.96562e+15
0.15			0.9			4.45993e+15
0.15			0.95			6.51404e+13
0.15			1			0

0.2			0.05			1.45752e+16
0.2			0.1			1.39985e+16
0.2			0.15			1.32611e+16
0.2			0.2			1.2568e+16
0.2			0.25			1.20454e+16
0.2			0.3			1.17194e+16
0.2			0.35			1.15497e+16
0.2			0.4			1.14773e+16
0.2			0.45			1.14552e+16
0.2			0.5			1.1457e+16
0.2			0.55			1.14715e+16
0.2			0.6			1.14889e+16
0.2			0.65			1.14749e+16
0.2			0.7			1.13264e+16
0.2			0.75			1.08244e+16
0.2			0.8			9.63714e+15
0.2			0.85			7.43549e+15
0.2			0.9			4.12015e+15
0.2			0.95			2.22676e+13
0.2			1			0

0.25			0.05			1.40848e+16
0.25			0.1			1.34945e+16
0.25			0.15			1.27396e+16
0.25			0.2			1.203e+16
0.25			0.25			1.14947e+16
0.25			0.3			1.11605e+16
0.25			0.35			1.09863e+16
0.25			0.4			1.09116e+16
0.25			0.45			1.08886e+16
0.25			0.5			1.089e+16
0.25			0.55			1.09048e+16
0.25			0.6			1.09238e+16
0.25			0.65			1.09146e+16
0.25			0.7			1.07774e+16
0.25			0.75			1.03006e+16
0.25			0.8			9.16398e+15
0.25			0.85			7.05547e+15
0.25			0.9			3.89259e+15
0.25			0.95			9.08018e+12
0.25			1			0

0.3			0.05			1.3774e+16
0.3			0.1			1.31749e+16
0.3			0.15			1.24088e+16
0.3			0.2			1.16887e+16
0.3			0.25			1.11455e+16
0.3			0.3			1.08064e+16
0.3			0.35			1.06294e+16
0.3			0.4			1.05535e+16
0.3			0.45			1.05299e+16
0.3			0.5			1.05311e+16
0.3			0.55			1.0546e+16
0.3			0.6			1.05661e+16
0.3			0.65			1.05599e+16
0.3			0.7			1.04305e+16
0.3			0.75			9.97087e+15
0.3			0.8			8.86886e+15
0.3			0.85			6.82259e+15
0.3			0.9			3.75777e+15
0.3			0.95			4.95109e+12
0.3			1			0

0.35			0.05			1.36055e+16
0.35			0.1			1.30017e+16
0.35			0.15			1.22297e+16
0.35			0.2			1.1504e+16
0.35			0.25			1.09568e+16
0.35			0.3			1.06152e+16
0.35			0.35			1.04369e+16
0.35			0.4			1.03604e+16
0.35			0.45			1.03365e+16
0.35			0.5			1.03376e+16
0.35			0.55			1.03526e+16
0.35			0.6			1.03732e+16
0.35			0.65			1.03686e+16
0.35			0.7			1.02434e+16
0.35			0.75			9.79342e+15
0.35			0.8			8.71079e+15
0.35			0.85			6.69903e+15
0.35			0.9			3.68748e+15
0.35			0.95			3.64038e+12
0.35			1			0

0.4			0.05			1.35252e+16
0.4			0.1			1.29193e+16
0.4			0.15			1.21447e+16
0.4			0.2			1.14168e+16
0.4			0.25			1.08679e+16
0.4			0.3			1.05253e+16
0.4			0.35			1.03466e+16
0.4			0.4			1.02698e+16
0.4			0.45			1.02458e+16
0.4			0.5			1.02469e+16
0.4			0.55			1.02618e+16
0.4			0.6			1.02826e+16
0.4			0.65			1.02788e+16
0.4			0.7			1.01555e+16
0.4			0.75			9.71e+15
0.4			0.8			8.63658e+15
0.4			0.85			6.64129e+15
0.4			0.9			3.65492e+15
0.4			0.95			3.22164e+12
0.4			1			0

0.45			0.05			1.34897e+16
0.45			0.1			1.28832e+16
0.45			0.15			1.21079e+16
0.45			0.2			1.13793e+16
0.45			0.25			1.083e+16
0.45			0.3			1.04872e+16
0.45			0.35			1.03084e+16
0.45			0.4			1.02316e+16
0.45			0.45			1.02076e+16
0.45			0.5			1.02086e+16
0.45			0.55			1.02236e+16
0.45			0.6			1.02444e+16
0.45			0.65			1.02408e+16
0.45			0.7			1.01182e+16
0.45			0.75			9.67452e+15
0.45			0.8			8.60494e+15
0.45			0.85			6.61665e+15
0.45			0.9			3.64107e+15
0.45			0.95			3.0883e+12
0.45			1			0

0.5			0.05			1.34747e+16
0.5			0.1			1.28684e+16
0.5			0.15			1.20932e+16
0.5			0.2			1.13648e+16
0.5			0.25			1.08157e+16
0.5			0.3			1.0473e+16
0.5			0.35			1.02943e+16
0.5			0.4			1.02175e+16
0.5			0.45			1.01935e+16
0.5			0.5			1.01945e+16
0.5			0.55			1.02095e+16
0.5			0.6			1.02303e+16
0.5			0.65			1.02266e+16
0.5			0.7			1.01042e+16
0.5			0.75			9.66087e+15
0.5			0.8			8.5925e+15
0.5			0.85			6.60678e+15
0.5			0.9			3.63546e+15
0.5			0.95			3.05003e+12
0.5			1			0

0.55			0.05			1.34727e+16
0.55			0.1			1.2867e+16
0.55			0.15			1.20926e+16
0.55			0.2			1.1365e+16
0.55			0.25			1.08164e+16
0.55			0.3			1.0474e+16
0.55			0.35			1.02954e+16
0.55			0.4			1.02187e+16
0.55			0.45			1.01947e+16
0.55			0.5			1.01957e+16
0.55			0.55			1.02107e+16
0.55			0.6			1.02314e+16
0.55			0.65			1.02274e+16
0.55			0.7			1.01044e+16
0.55			0.75			9.66031e+15
0.55			0.8			8.59114e+15
0.55			0.85			6.6051e+15
0.55			0.9			3.6343e+15
0.55			0.95			3.06391e+12
0.55			1			0

0.6			0.05			1.34911e+16
0.6			0.1			1.28867e+16
0.6			0.15			1.2114e+16
0.6			0.2			1.13879e+16
0.6			0.25			1.08404e+16
0.6			0.3			1.04986e+16
0.6			0.35			1.03203e+16
0.6			0.4			1.02438e+16
0.6			0.45			1.02198e+16
0.6			0.5			1.02208e+16
0.6			0.55			1.02356e+16
0.6			0.6			1.0256e+16
0.6			0.65			1.02511e+16
0.6			0.7			1.01261e+16
0.6			0.75			9.67884e+15
0.6			0.8			8.60535e+15
0.6			0.85			6.61451e+15
0.6			0.9			3.63902e+15
0.6			0.95			3.1876e+12
0.6			1			0

0.65			0.05			1.35538e+16
0.65			0.1			1.29522e+16
0.65			0.15			1.2183e+16
0.65			0.2			1.14601e+16
0.65			0.25			1.09149e+16
0.65			0.3			1.05745e+16
0.65			0.35			1.03969e+16
0.65			0.4			1.03207e+16
0.65			0.45			1.02968e+16
0.65			0.5			1.02978e+16
0.65			0.55			1.03123e+16
0.65			0.6			1.03316e+16
0.65			0.65			1.03242e+16
0.65			0.7			1.01941e+16
0.65			0.75			9.73824e+15
0.65			0.8			8.65292e+15
0.65			0.85			6.64789e+15
0.65			0.9			3.65669e+15
0.65			0.95			3.69651e+12
0.65			1			0

0.7			0.05			1.37038e+16
0.7			0.1			1.31077e+16
0.7			0.15			1.23453e+16
0.7			0.2			1.16287e+16
0.7			0.25			1.10882e+16
0.7			0.3			1.07506e+16
0.7			0.35			1.05746e+16
0.7			0.4			1.0499e+16
0.7			0.45			1.04754e+16
0.7			0.5			1.04763e+16
0.7			0.55			1.049e+16
0.7			0.6			1.05068e+16
0.7			0.65			1.04935e+16
0.7			0.7			1.03521e+16
0.7			0.75			9.87767e+15
0.7			0.8			8.76648e+15
0.7			0.85			6.72959e+15
0.7			0.9			3.70134e+15
0.7			0.95			5.57691e+12
0.7			1			0

0.75			0.05			1.3995e+16
0.75			0.1			1.34083e+16
0.75			0.15			1.26579e+16
0.75			0.2			1.19524e+16
0.75			0.25			1.14204e+16
0.75			0.3			1.10882e+16
0.75			0.35			1.0915e+16
0.75			0.4			1.08407e+16
0.75			0.45			1.08176e+16
0.75			0.5			1.08182e+16
0.75			0.55			1.08302e+16
0.75			0.6			1.08421e+16
0.75			0.65			1.08176e+16
0.75			0.7			1.06549e+16
0.75			0.75			1.01463e+16
0.75			0.8			8.98797e+15
0.75			0.85			6.89257e+15
0.75			0.9			3.7941e+15
0.75			0.95			1.22628e+13
0.75			1			0

0.8			0.05			1.44646e+16
0.8			0.1			1.38919e+16
0.8			0.15			1.31596e+16
0.8			0.2			1.24714e+16
0.8			0.25			1.19524e+16
0.8			0.3			1.16287e+16
0.8			0.35			1.14602e+16
0.8			0.4			1.13882e+16
0.8			0.45			1.13658e+16
0.8			0.5			1.13659e+16
0.8			0.55			1.13749e+16
0.8			0.6			1.13786e+16
0.8			0.65			1.1336e+16
0.8			0.7			1.11396e+16
0.8			0.75			1.05783e+16
0.8			0.8			9.34848e+15
0.8			0.85			7.16544e+15
0.8			0.9			3.96003e+15
0.8			0.95			3.5707e+13
0.8			1			0

0.85			0.05			1.50899e+16
0.85			0.1			1.4535e+16
0.85			0.15			1.38258e+16
0.85			0.2			1.31596e+16
0.85			0.25			1.26579e+16
0.85			0.3			1.23454e+16
0.85			0.35			1.21831e+16
0.85			0.4			1.21142e+16
0.85			0.45			1.20929e+16
0.85			0.5			1.20921e+16
0.85			0.55			1.2097e+16
0.85			0.6			1.20894e+16
0.85			0.65			1.20224e+16
0.85			0.7			1.1782e+16
0.85			0.75			1.11532e+16
0.85			0.8			9.83494e+15
0.85			0.85			7.54889e+15
0.85			0.9			4.22272e+15
0.85			0.95			1.17722e+14
0.85			1			0

0.9			0.05			1.5757e+16
0.9			0.1			1.52204e+16
0.9			0.15			1.4535e+16
0.9			0.2			1.38919e+16
0.9			0.25			1.34083e+16
0.9			0.3			1.31077e+16
0.9			0.35			1.29523e+16
0.9			0.4			1.28867e+16
0.9			0.45			1.28665e+16
0.9			0.5			1.28648e+16
0.9			0.55			1.2865e+16
0.9			0.6			1.2845e+16
0.9			0.65			1.27518e+16
0.9			0.7			1.24649e+16
0.9			0.75			1.17665e+16
0.9			0.8			1.03615e+16
0.9			0.85			7.98833e+15
0.9			0.9			4.59448e+15
0.9			0.95			4.05409e+14
0.9			1			0

0.95			0.05			1.62795e+16
0.95			0.1			1.5757e+16
0.95			0.15			1.50899e+16
0.95			0.2			1.44646e+16
0.95			0.25			1.3995e+16
0.95			0.3			1.37038e+16
0.95			0.35			1.35538e+16
0.95			0.4			1.34909e+16
0.95			0.45			1.34716e+16
0.95			0.5			1.34691e+16
0.95			0.55			1.34654e+16
0.95			0.6			1.34355e+16
0.95			0.65			1.33216e+16
0.95			0.7			1.29979e+16
0.95			0.75			1.22452e+16
0.95			0.8			1.07745e+16
0.95			0.85			8.3485e+15
0.95			0.9			5.00616e+15
0.95			0.95			1.41897e+15
0.95			1			0

1			0.05			1.64784e+16
1			0.1			1.59612e+16
1			0.15			1.53011e+16
1			0.2			1.46826e+16
1			0.25			1.42183e+16
1			0.3			1.39306e+16
1			0.35			1.37826e+16
1			0.4			1.37208e+16
1			0.45			1.37019e+16
1			0.5			1.3699e+16
1			0.55			1.36938e+16
1			0.6			1.36601e+16
1			0.65			1.35381e+16
1			0.7			1.32e+16
1			0.75			1.24243e+16
1			0.8			1.09176e+16
1			0.85			8.41627e+15
1			0.9			4.81202e+15
1			0.95			0
1			1			44.9719

