0.05			0.05			8.99438
0.05			0.1			7.00063
0.05			0.15			7.005
0.05			0.2			7.00938
0.05			0.25			7.01376
0.05			0.3			7.01815
0.05			0.35			7.02254
0.05			0.4			7.02693
0.05			0.45			7.03132
0.05			0.5			7.03572
0.05			0.55			7.04012
0.05			0.6			7.04452
0.05			0.65			7.04892
0.05			0.7			7.05333
0.05			0.75			7.05774
0.05			0.8			7.06215
0.05			0.85			7.06657
0.05			0.9			9.09172
0.05			0.95			11.115
0.05			1			0

0.1			0.05			6.99063
0.1			0.1			4.99688
0.1			0.15			5
0.1			0.2			5.00313
0.1			0.25			5.00625
0.1			0.3			5.00938
0.1			0.35			5.01252
0.1			0.4			5.01565
0.1			0.45			5.01879
0.1			0.5			5.02192
0.1			0.55			5.02506
0.1			0.6			5.02821
0.1			0.65			5.03135
0.1			0.7			5.03449
0.1			0.75			5.03764
0.1			0.8			5.04079
0.1			0.85			5.04394
0.1			0.9			7.06657
0.1			0.95			11.108
0.1			1			0

0.15			0.05			6.98626
0.15			0.1			4.99375
0.15			0.15			4.99688
0.15			0.2			5
0.15			0.25			5.00313
0.15			0.3			5.00625
0.15			0.35			5.00938
0.15			0.4			5.01252
0.15			0.45			5.01565
0.15			0.5			5.01879
0.15			0.55			5.02192
0.15			0.6			5.02506
0.15			0.65			5.02821
0.15			0.7			5.03135
0.15			0.75			5.03449
0.15			0.8			5.03764
0.15			0.85			5.04079
0.15			0.9			7.06215
0.15			0.95			11.1011
0.15			1			0

0.2			0.05			6.9819
0.2			0.1			4.99063
0.2			0.15			4.99375
0.2			0.2			4.99688
0.2			0.25			5
0.2			0.3			5.00313
0.2			0.35			5.00625
0.2			0.4			5.00938
0.2			0.45			5.01252
0.2			0.5			5.01565
0.2			0.55			5.01879
0.2			0.6			5.02192
0.2			0.65			5.02506
0.2			0.7			5.02821
0.2			0.75			5.03135
0.2			0.8			5.03449
0.2			0.85			5.03764
0.2			0.9			7.05774
0.2			0.95			11.0942
0.2			1			0

0.25			0.05			6.97754
0.25			0.1			4.98752
0.25			0.15			4.99063
0.25			0.2			4.99375
0.25			0.25			4.99688
0.25			0.3			5
0.25			0.35			5.00313
0.25			0.4			5.00625
0.25			0.45			5.00938
0.25			0.5			5.01252
0.25			0.55			5.01565
0.25			0.6			5.01879
0.25			0.65			5.02192
0.25			0.7			5.02506
0.25			0.75			5.02821
0.25			0.8			5.03135
0.25			0.85			5.03449
0.25			0.9			7.05333
0.25			0.95			11.0872
0.25			1			0

0.3			0.05			6.97318
0.3			0.1			4.9844
0.3			0.15			4.98752
0.3			0.2			4.99063
0.3			0.25			4.99375
0.3			0.3			4.99688
0.3			0.35			5
0.3			0.4			5.00313
0.3			0.45			5.00625
0.3			0.5			5.00938
0.3			0.55			5.01252
0.3			0.6			5.01565
0.3			0.65			5.01879
0.3			0.7			5.02192
0.3			0.75			5.02506
0.3			0.8			5.02821
0.3			0.85			5.03135
0.3			0.9			7.04892
0.3			0.95			11.0803
0.3			1			0

0.35			0.05			6.96882
0.35			0.1			4.98129
0.35			0.15			4.9844
0.35			0.2			4.98752
0.35			0.25			4.99063
0.35			0.3			4.99375
0.35			0.35			4.99688
0.35			0.4			5
0.35			0.45			5.00313
0.35			0.5			5.00625
0.35			0.55			5.00938
0.35			0.6			5.01252
0.35			0.65			5.01565
0.35			0.7			5.01879
0.35			0.75			5.02192
0.35			0.8			5.02506
0.35			0.85			5.02821
0.35			0.9			7.04452
0.35			0.95			11.0734
0.35			1			0

0.4			0.05			6.96447
0.4			0.1			4.97817
0.4			0.15			4.98129
0.4			0.2			4.9844
0.4			0.25			4.98752
0.4			0.3			4.99063
0.4			0.35			4.99375
0.4			0.4			4.99688
0.4			0.45			5
0.4			0.5			5.00313
0.4			0.55			5.00625
0.4			0.6			5.00938
0.4			0.65			5.01252
0.4			0.7			5.01565
0.4			0.75			5.01879
0.4			0.8			5.02192
0.4			0.85			5.02506
0.4			0.9			7.04012
0.4			0.95			11.0665
0.4			1			0

0.45			0.05			6.96012
0.45			0.1			4.97506
0.45			0.15			4.97817
0.45			0.2			4.98129
0.45			0.25			4.9844
0.45			0.3			4.98752
0.45			0.35			4.99063
0.45			0.4			4.99375
0.45			0.45			4.99688
0.45			0.5			5
0.45			0.55			5.00313
0.45			0.6			5.00625
0.45			0.65			5.00938
0.45			0.7			5.01252
0.45			0.75			5.01565
0.45			0.8			5.01879
0.45			0.85			5.02192
0.45			0.9			7.03572
0.45			0.95			11.0595
0.45			1			0

0.5			0.05			6.95577
0.5			0.1			4.97195
0.5			0.15			4.97506
0.5			0.2			4.97817
0.5			0.25			4.98129
0.5			0.3			4.9844
0.5			0.35			4.98752
0.5			0.4			4.99063
0.5			0.45			4.99375
0.5			0.5			4.99688
0.5			0.55			5
0.5			0.6			5.00313
0.5			0.65			5.00625
0.5			0.7			5.00938
0.5			0.75			5.01252
0.5			0.8			5.01565
0.5			0.85			5.01879
0.5			0.9			7.03132
0.5			0.95			11.0526
0.5			1			0

0.55			0.05			6.95142
0.55			0.1			4.96885
0.55			0.15			4.97195
0.55			0.2			4.97506
0.55			0.25			4.97817
0.55			0.3			4.98129
0.55			0.35			4.9844
0.55			0.4			4.98752
0.55			0.45			4.99063
0.55			0.5			4.99375
0.55			0.55			4.99688
0.55			0.6			5
0.55			0.65			5.00313
0.55			0.7			5.00625
0.55			0.75			5.00938
0.55			0.8			5.01252
0.55			0.85			5.01565
0.55			0.9			7.02693
0.55			0.95			11.0457
0.55			1			0

0.6			0.05			6.94708
0.6			0.1			4.96574
0.6			0.15			4.96885
0.6			0.2			4.97195
0.6			0.25			4.97506
0.6			0.3			4.97817
0.6			0.35			4.98129
0.6			0.4			4.9844
0.6			0.45			4.98752
0.6			0.5			4.99063
0.6			0.55			4.99375
0.6			0.6			4.99688
0.6			0.65			5
0.6			0.7			5.00313
0.6			0.75			5.00625
0.6			0.8			5.00938
0.6			0.85			5.01252
0.6			0.9			7.02254
0.6			0.95			11.0388
0.6			1			0

0.65			0.05			6.94274
0.65			0.1			4.96264
0.65			0.15			4.96574
0.65			0.2			4.96885
0.65			0.25			4.97195
0.65			0.3			4.97506
0.65			0.35			4.97817
0.65			0.4			4.98129
0.65			0.45			4.9844
0.65			0.5			4.98752
0.65			0.55			4.99063
0.65			0.6			4.99375
0.65			0.65			4.99688
0.65			0.7			5
0.65			0.75			5.00313
0.65			0.8			5.00625
0.65			0.85			5.00938
0.65			0.9			7.01815
0.65			0.95			11.0319
0.65			1			0

0.7			0.05			6.9384
0.7			0.1			4.95954
0.7			0.15			4.96264
0.7			0.2			4.96574
0.7			0.25			4.96885
0.7			0.3			4.97195
0.7			0.35			4.97506
0.7			0.4			4.97817
0.7			0.45			4.98129
0.7			0.5			4.9844
0.7			0.55			4.98752
0.7			0.6			4.99063
0.7			0.65			4.99375
0.7			0.7			4.99688
0.7			0.75			5
0.7			0.8			5.00313
0.7			0.85			5.00625
0.7			0.9			7.01376
0.7			0.95			11.025
0.7			1			0

0.75			0.05			6.93406
0.75			0.1			4.95644
0.75			0.15			4.95954
0.75			0.2			4.96264
0.75			0.25			4.96574
0.75			0.3			4.96885
0.75			0.35			4.97195
0.75			0.4			4.97506
0.75			0.45			4.97817
0.75			0.5			4.98129
0.75			0.55			4.9844
0.75			0.6			4.98752
0.75			0.65			4.99063
0.75			0.7			4.99375
0.75			0.75			4.99688
0.75			0.8			5
0.75			0.85			5.00313
0.75			0.9			7.00938
0.75			0.95			11.0181
0.75			1			0

0.8			0.05			6.92973
0.8			0.1			4.95334
0.8			0.15			4.95644
0.8			0.2			4.95954
0.8			0.25			4.96264
0.8			0.3			4.96574
0.8			0.35			4.96885
0.8			0.4			4.97195
0.8			0.45			4.97506
0.8			0.5			4.97817
0.8			0.55			4.98129
0.8			0.6			4.9844
0.8			0.65			4.98752
0.8			0.7			4.99063
0.8			0.75			4.99375
0.8			0.8			4.99688
0.8			0.85			5
0.8			0.9			7.005
0.8			0.95			11.0113
0.8			1			0

0.85			0.05			6.9254
0.85			0.1			4.95025
0.85			0.15			4.95334
0.85			0.2			4.95644
0.85			0.25			4.95954
0.85			0.3			4.96264
0.85			0.35			4.96574
0.85			0.4			4.96885
0.85			0.45			4.97195
0.85			0.5			4.97506
0.85			0.55			4.97817
0.85			0.6			4.98129
0.85			0.65			4.9844
0.85			0.7			4.98752
0.85			0.75			4.99063
0.85			0.8			4.99375
0.85			0.85			4.99688
0.85			0.9			7.00063
0.85			0.95			11.0044
0.85			1			0

0.9			0.05			6.92107
0.9			0.1			4.94716
0.9			0.15			4.95025
0.9			0.2			4.95334
0.9			0.25			4.95644
0.9			0.3			4.95954
0.9			0.35			4.96264
0.9			0.4			4.96574
0.9			0.45			4.96885
0.9			0.5			4.97195
0.9			0.55			4.97506
0.9			0.6			4.97817
0.9			0.65			4.98129
0.9			0.7			4.9844
0.9			0.75			4.98752
0.9			0.8			4.99063
0.9			0.85			4.99375
0.9			0.9			6.99625
0.9			0.95			8.99938
0.9			1			0

0.95			0.05			8.89252
0.95			0.1			6.92107
0.95			0.15			6.9254
0.95			0.2			6.92973
0.95			0.25			6.93406
0.95			0.3			6.9384
0.95			0.35			6.94274
0.95			0.4			6.94708
0.95			0.45			6.95142
0.95			0.5			6.95577
0.95			0.55			6.96012
0.95			0.6			6.96447
0.95			0.65			6.96882
0.95			0.7			6.97318
0.95			0.75			6.97754
0.95			0.8			6.9819
0.95			0.85			6.98626
0.95			0.9			6.99063
0.95			0.95			4.9975
0.95			1			0

1			0.05			12.8428
1			0.1			12.8502
1			0.15			12.8583
1			0.2			12.8663
1			0.25			12.8744
1			0.3			12.8824
1			0.35			12.8905
1			0.4			12.8985
1			0.45			12.9066
1			0.5			12.9147
1			0.55			12.9227
1			0.6			12.9308
1			0.65			12.9389
1			0.7			12.947
1			0.75			12.9551
1			0.8			12.9632
1			0.85			12.9713
1			0.9			9.98252
1			0.95			0
1			1			4.99688

