0.05			0.05			4.61717e+27
0.05			0.1			4.5384e+27
0.05			0.15			4.42615e+27
0.05			0.2			4.30199e+27
0.05			0.25			4.1855e+27
0.05			0.3			4.08967e+27
0.05			0.35			4.01944e+27
0.05			0.4			3.97291e+27
0.05			0.45			3.94349e+27
0.05			0.5			3.92116e+27
0.05			0.55			3.89189e+27
0.05			0.6			3.83525e+27
0.05			0.65			3.72193e+27
0.05			0.7			3.51372e+27
0.05			0.75			3.16888e+27
0.05			0.8			2.65371e+27
0.05			0.85			1.95758e+27
0.05			0.9			1.10192e+27
0.05			0.95			1.1852e+26
0.05			1			0

0.1			0.05			4.53653e+27
0.1			0.1			4.45676e+27
0.1			0.15			4.34307e+27
0.1			0.2			4.21729e+27
0.1			0.25			4.09924e+27
0.1			0.3			4.00211e+27
0.1			0.35			3.93089e+27
0.1			0.4			3.8837e+27
0.1			0.45			3.85394e+27
0.1			0.5			3.8316e+27
0.1			0.55			3.80269e+27
0.1			0.6			3.74696e+27
0.1			0.65			3.63533e+27
0.1			0.7			3.42986e+27
0.1			0.75			3.08876e+27
0.1			0.8			2.57738e+27
0.1			0.85			1.88214e+27
0.1			0.9			1.01978e+27
0.1			0.95			3.31484e+25
0.1			1			0

0.15			0.05			4.42137e+27
0.15			0.1			4.34016e+27
0.15			0.15			4.22441e+27
0.15			0.2			4.09631e+27
0.15			0.25			3.97605e+27
0.15			0.3			3.87704e+27
0.15			0.35			3.80442e+27
0.15			0.4			3.75631e+27
0.15			0.45			3.72607e+27
0.15			0.5			3.70372e+27
0.15			0.55			3.67539e+27
0.15			0.6			3.62108e+27
0.15			0.65			3.5122e+27
0.15			0.7			3.31145e+27
0.15			0.75			2.97774e+27
0.15			0.8			2.47705e+27
0.15			0.85			1.79648e+27
0.15			0.9			9.5563e+26
0.15			0.95			9.30577e+24
0.15			1			0

0.2			0.05			4.29348e+27
0.2			0.1			4.21067e+27
0.2			0.15			4.09262e+27
0.2			0.2			3.96194e+27
0.2			0.25			3.83922e+27
0.2			0.3			3.73814e+27
0.2			0.35			3.66396e+27
0.2			0.4			3.61483e+27
0.2			0.45			3.58409e+27
0.2			0.5			3.56176e+27
0.2			0.55			3.53413e+27
0.2			0.6			3.48156e+27
0.2			0.65			3.37608e+27
0.2			0.7			3.18134e+27
0.2			0.75			2.85747e+27
0.2			0.8			2.37188e+27
0.2			0.85			1.71343e+27
0.2			0.9			9.04178e+26
0.2			0.95			2.62445e+24
0.2			1			0

0.25			0.05			4.17272e+27
0.25			0.1			4.08839e+27
0.25			0.15			3.96816e+27
0.25			0.2			3.83505e+27
0.25			0.25			3.71002e+27
0.25			0.3			3.60699e+27
0.25			0.35			3.53135e+27
0.25			0.4			3.48127e+27
0.25			0.45			3.45007e+27
0.25			0.5			3.42779e+27
0.25			0.55			3.40089e+27
0.25			0.6			3.35009e+27
0.25			0.65			3.24811e+27
0.25			0.7			3.0596e+27
0.25			0.75			2.74605e+27
0.25			0.8			2.2764e+27
0.25			0.85			1.64101e+27
0.25			0.9			8.63043e+26
0.25			0.95			7.44674e+23
0.25			1			0

0.3			0.05			4.07239e+27
0.3			0.1			3.9868e+27
0.3			0.15			3.86476e+27
0.3			0.2			3.72963e+27
0.3			0.25			3.60267e+27
0.3			0.3			3.49804e+27
0.3			0.35			3.42122e+27
0.3			0.4			3.37037e+27
0.3			0.45			3.3388e+27
0.3			0.5			3.31658e+27
0.3			0.55			3.29032e+27
0.3			0.6			3.24109e+27
0.3			0.65			3.14219e+27
0.3			0.7			2.9592e+27
0.3			0.75			2.65478e+27
0.3			0.8			2.19913e+27
0.3			0.85			1.58364e+27
0.3			0.9			8.31695e+26
0.3			0.95			2.13264e+23
0.3			1			0

0.35			0.05			3.99791e+27
0.35			0.1			3.91139e+27
0.35			0.15			3.78802e+27
0.35			0.2			3.65141e+27
0.35			0.25			3.52305e+27
0.35			0.3			3.41726e+27
0.35			0.35			3.33957e+27
0.35			0.4			3.28816e+27
0.35			0.45			3.25634e+27
0.35			0.5			3.23418e+27
0.35			0.55			3.20842e+27
0.35			0.6			3.16038e+27
0.35			0.65			3.06386e+27
0.35			0.7			2.88513e+27
0.35			0.75			2.58772e+27
0.35			0.8			2.14278e+27
0.35			0.85			1.54227e+27
0.35			0.9			8.09494e+26
0.35			0.95			6.21971e+22
0.35			1			0

0.4			0.05			3.94852e+27
0.4			0.1			3.8614e+27
0.4			0.15			3.73718e+27
0.4			0.2			3.59962e+27
0.4			0.25			3.47037e+27
0.4			0.3			3.36383e+27
0.4			0.35			3.2856e+27
0.4			0.4			3.23385e+27
0.4			0.45			3.20186e+27
0.4			0.5			3.17975e+27
0.4			0.55			3.15431e+27
0.4			0.6			3.10706e+27
0.4			0.65			3.01212e+27
0.4			0.7			2.83624e+27
0.4			0.75			2.54357e+27
0.4			0.8			2.10581e+27
0.4			0.85			1.5153e+27
0.4			0.9			7.95138e+26
0.4			0.95			1.90927e+22
0.4			1			0

0.45			0.05			3.92041e+27
0.45			0.1			3.83298e+27
0.45			0.15			3.70832e+27
0.45			0.2			3.57027e+27
0.45			0.25			3.44056e+27
0.45			0.3			3.33365e+27
0.45			0.35			3.25514e+27
0.45			0.4			3.20321e+27
0.45			0.45			3.17113e+27
0.45			0.5			3.14904e+27
0.45			0.55			3.12374e+27
0.45			0.6			3.0769e+27
0.45			0.65			2.9828e+27
0.45			0.7			2.80848e+27
0.45			0.75			2.51845e+27
0.45			0.8			2.08478e+27
0.45			0.85			1.49997e+27
0.45			0.9			7.87003e+26
0.45			0.95			7.21125e+21
0.45			1			0

0.5			0.05			3.90985e+27
0.5			0.1			3.82235e+27
0.5			0.15			3.6976e+27
0.5			0.2			3.55946e+27
0.5			0.25			3.42966e+27
0.5			0.3			3.32267e+27
0.5			0.35			3.2441e+27
0.5			0.4			3.19213e+27
0.5			0.45			3.16001e+27
0.5			0.5			3.13788e+27
0.5			0.55			3.11256e+27
0.5			0.6			3.06574e+27
0.5			0.65			2.97177e+27
0.5			0.7			2.79785e+27
0.5			0.75			2.50866e+27
0.5			0.8			2.07644e+27
0.5			0.85			1.49383e+27
0.5			0.9			7.83726e+26
0.5			0.95			5.76489e+21
0.5			1			0

0.55			0.05			3.91532e+27
0.55			0.1			3.828e+27
0.55			0.15			3.70348e+27
0.55			0.2			3.5656e+27
0.55			0.25			3.43605e+27
0.55			0.3			3.32925e+27
0.55			0.35			3.25082e+27
0.55			0.4			3.19891e+27
0.55			0.45			3.16679e+27
0.55			0.5			3.14454e+27
0.55			0.55			3.11899e+27
0.55			0.6			3.07176e+27
0.55			0.65			2.9772e+27
0.55			0.7			2.8025e+27
0.55			0.75			2.51241e+27
0.55			0.8			2.07924e+27
0.55			0.85			1.49568e+27
0.55			0.9			7.84652e+26
0.55			0.95			1.24985e+22
0.55			1			0

0.6			0.05			3.93828e+27
0.6			0.1			3.85137e+27
0.6			0.15			3.72744e+27
0.6			0.2			3.5902e+27
0.6			0.25			3.46125e+27
0.6			0.3			3.35495e+27
0.6			0.35			3.27687e+27
0.6			0.4			3.22514e+27
0.6			0.45			3.19301e+27
0.6			0.5			3.17054e+27
0.6			0.55			3.14446e+27
0.6			0.6			3.09627e+27
0.6			0.65			3.00022e+27
0.6			0.7			2.8234e+27
0.6			0.75			2.53046e+27
0.6			0.8			2.09373e+27
0.6			0.85			1.50592e+27
0.6			0.9			7.90001e+26
0.6			0.95			3.99347e+22
0.6			1			0

0.65			0.05			3.98241e+27
0.65			0.1			3.89619e+27
0.65			0.15			3.77325e+27
0.65			0.2			3.63711e+27
0.65			0.25			3.5092e+27
0.65			0.3			3.40374e+27
0.65			0.35			3.32624e+27
0.65			0.4			3.27483e+27
0.65			0.45			3.2427e+27
0.65			0.5			3.21984e+27
0.65			0.55			3.19282e+27
0.65			0.6			3.14298e+27
0.65			0.65			3.04431e+27
0.65			0.7			2.86366e+27
0.65			0.75			2.56557e+27
0.65			0.8			2.12222e+27
0.65			0.85			1.52626e+27
0.65			0.9			8.00763e+26
0.65			0.95			1.38774e+23
0.65			1			0

0.7			0.05			4.0515e+27
0.7			0.1			3.9663e+27
0.7			0.15			3.84482e+27
0.7			0.2			3.71031e+27
0.7			0.25			3.58392e+27
0.7			0.3			3.47971e+27
0.7			0.35			3.40309e+27
0.7			0.4			3.35213e+27
0.7			0.45			3.31999e+27
0.7			0.5			3.29652e+27
0.7			0.55			3.2681e+27
0.7			0.6			3.21573e+27
0.7			0.65			3.11309e+27
0.7			0.7			2.9267e+27
0.7			0.75			2.62081e+27
0.7			0.8			2.1674e+27
0.7			0.85			1.55894e+27
0.7			0.9			8.18381e+26
0.7			0.95			4.92451e+23
0.7			1			0

0.75			0.05			4.14642e+27
0.75			0.1			4.06257e+27
0.75			0.15			3.94301e+27
0.75			0.2			3.81063e+27
0.75			0.25			3.68626e+27
0.75			0.3			3.58372e+27
0.75			0.35			3.50827e+27
0.75			0.4			3.45792e+27
0.75			0.45			3.42574e+27
0.75			0.5			3.40144e+27
0.75			0.55			3.37109e+27
0.75			0.6			3.31532e+27
0.75			0.65			3.20736e+27
0.75			0.7			3.01334e+27
0.75			0.75			2.69716e+27
0.75			0.8			2.23052e+27
0.75			0.85			1.60548e+27
0.75			0.9			8.44433e+26
0.75			0.95			1.76058e+24
0.75			1			0

0.8			0.05			4.26194e+27
0.8			0.1			4.17967e+27
0.8			0.15			4.06238e+27
0.8			0.2			3.93254e+27
0.8			0.25			3.81057e+27
0.8			0.3			3.71001e+27
0.8			0.35			3.63596e+27
0.8			0.4			3.58633e+27
0.8			0.45			3.5541e+27
0.8			0.5			3.52877e+27
0.8			0.55			3.49609e+27
0.8			0.6			3.43625e+27
0.8			0.65			3.32198e+27
0.8			0.7			3.11898e+27
0.8			0.75			2.79092e+27
0.8			0.8			2.30924e+27
0.8			0.85			1.66553e+27
0.8			0.9			8.80708e+26
0.8			0.95			6.31891e+24
0.8			1			0

0.85			0.05			4.38508e+27
0.85			0.1			4.30446e+27
0.85			0.15			4.18955e+27
0.85			0.2			4.06236e+27
0.85			0.25			3.94291e+27
0.85			0.3			3.84443e+27
0.85			0.35			3.77186e+27
0.85			0.4			3.72299e+27
0.85			0.45			3.69069e+27
0.85			0.5			3.66426e+27
0.85			0.55			3.62911e+27
0.85			0.6			3.56498e+27
0.85			0.65			3.44413e+27
0.85			0.7			3.23197e+27
0.85			0.75			2.89208e+27
0.85			0.8			2.3961e+27
0.85			0.85			1.73568e+27
0.85			0.9			9.30099e+26
0.85			0.95			2.27412e+25
0.85			1			0

0.9			0.05			4.4964e+27
0.9			0.1			4.41725e+27
0.9			0.15			4.30446e+27
0.9			0.2			4.17964e+27
0.9			0.25			4.06244e+27
0.9			0.3			3.96583e+27
0.9			0.35			3.89457e+27
0.9			0.4			3.84638e+27
0.9			0.45			3.81401e+27
0.9			0.5			3.78659e+27
0.9			0.55			3.74922e+27
0.9			0.6			3.68124e+27
0.9			0.65			3.55458e+27
0.9			0.7			3.33446e+27
0.9			0.75			2.98469e+27
0.9			0.8			2.47789e+27
0.9			0.85			1.80782e+27
0.9			0.9			9.96937e+26
0.9			0.95			8.20257e+25
0.9			1			0

0.95			0.05			4.57452e+27
0.95			0.1			4.4964e+27
0.95			0.15			4.38507e+27
0.95			0.2			4.2619e+27
0.95			0.25			4.14628e+27
0.95			0.3			4.05097e+27
0.95			0.35			3.98063e+27
0.95			0.4			3.93291e+27
0.95			0.45			3.90049e+27
0.95			0.5			3.87237e+27
0.95			0.55			3.83344e+27
0.95			0.6			3.76279e+27
0.95			0.65			3.63209e+27
0.95			0.7			3.4065e+27
0.95			0.75			3.05011e+27
0.95			0.8			2.53664e+27
0.95			0.85			1.86399e+27
0.95			0.9			1.07309e+27
0.95			0.95			2.9643e+26
0.95			1			0

1			0.05			4.60269e+27
1			0.1			4.52493e+27
1			0.15			4.41413e+27
1			0.2			4.29155e+27
1			0.25			4.17649e+27
1			0.3			4.08165e+27
1			0.35			4.01164e+27
1			0.4			3.96409e+27
1			0.45			3.93166e+27
1			0.5			3.90328e+27
1			0.55			3.86379e+27
1			0.6			3.79217e+27
1			0.65			3.66001e+27
1			0.7			3.43239e+27
1			0.75			3.07322e+27
1			0.8			2.55528e+27
1			0.85			1.87078e+27
1			0.9			1.02966e+27
1			0.95			0
1			1			74.9532

