0.05			0.05			4.06982e+24
0.05			0.1			3.98979e+24
0.05			0.15			3.87793e+24
0.05			0.2			3.75773e+24
0.05			0.25			3.64926e+24
0.05			0.3			3.56433e+24
0.05			0.35			3.50586e+24
0.05			0.4			3.47032e+24
0.05			0.45			3.4509e+24
0.05			0.5			3.43939e+24
0.05			0.55			3.42546e+24
0.05			0.6			3.39372e+24
0.05			0.65			3.31961e+24
0.05			0.7			3.16712e+24
0.05			0.75			2.89208e+24
0.05			0.8			2.45352e+24
0.05			0.85			1.83143e+24
0.05			0.9			1.04068e+24
0.05			0.95			1.14303e+23
0.05			1			0

0.1			0.05			3.98805e+24
0.1			0.1			3.90683e+24
0.1			0.15			3.79328e+24
0.1			0.2			3.67122e+24
0.1			0.25			3.56104e+24
0.1			0.3			3.47472e+24
0.1			0.35			3.41524e+24
0.1			0.4			3.37905e+24
0.1			0.45			3.3593e+24
0.1			0.5			3.34772e+24
0.1			0.55			3.33403e+24
0.1			0.6			3.30296e+24
0.1			0.65			3.23018e+24
0.1			0.7			3.08e+24
0.1			0.75			2.80835e+24
0.1			0.8			2.37361e+24
0.1			0.85			1.7533e+24
0.1			0.9			9.58198e+23
0.1			0.95			3.22701e+22
0.1			1			0

0.15			0.05			3.87351e+24
0.15			0.1			3.79059e+24
0.15			0.15			3.67466e+24
0.15			0.2			3.55e+24
0.15			0.25			3.43741e+24
0.15			0.3			3.34914e+24
0.15			0.35			3.28826e+24
0.15			0.4			3.25118e+24
0.15			0.45			3.23097e+24
0.15			0.5			3.21931e+24
0.15			0.55			3.206e+24
0.15			0.6			3.17598e+24
0.15			0.65			3.10538e+24
0.15			0.7			2.95918e+24
0.15			0.75			2.69421e+24
0.15			0.8			2.2698e+24
0.15			0.85			1.66462e+24
0.15			0.9			8.92585e+23
0.15			0.95			9.16347e+21
0.15			1			0

0.2			0.05			3.7499e+24
0.2			0.1			3.66516e+24
0.2			0.15			3.54664e+24
0.2			0.2			3.41916e+24
0.2			0.25			3.30397e+24
0.2			0.3			3.2136e+24
0.2			0.35			3.15122e+24
0.2			0.4			3.11319e+24
0.2			0.45			3.0925e+24
0.2			0.5			3.08078e+24
0.2			0.55			3.06793e+24
0.2			0.6			3.03918e+24
0.2			0.65			2.97123e+24
0.2			0.7			2.83003e+24
0.2			0.75			2.57378e+24
0.2			0.8			2.16355e+24
0.2			0.85			1.58014e+24
0.2			0.9			8.40205e+23
0.2			0.95			2.62253e+21
0.2			1			0

0.25			0.05			3.63756e+24
0.25			0.1			3.55114e+24
0.25			0.15			3.43026e+24
0.25			0.2			3.30021e+24
0.25			0.25			3.18266e+24
0.25			0.3			3.0904e+24
0.25			0.35			3.02667e+24
0.25			0.4			2.98779e+24
0.25			0.45			2.96667e+24
0.25			0.5			2.95493e+24
0.25			0.55			2.94254e+24
0.25			0.6			2.91504e+24
0.25			0.65			2.84974e+24
0.25			0.7			2.71359e+24
0.25			0.75			2.46619e+24
0.25			0.8			2.0704e+24
0.25			0.85			1.50882e+24
0.25			0.9			7.99427e+23
0.25			0.95			7.59721e+20
0.25			1			0

0.3			0.05			3.5485e+24
0.3			0.1			3.46074e+24
0.3			0.15			3.33798e+24
0.3			0.2			3.2059e+24
0.3			0.25			3.0865e+24
0.3			0.3			2.99275e+24
0.3			0.35			2.92797e+24
0.3			0.4			2.88844e+24
0.3			0.45			2.867e+24
0.3			0.5			2.85525e+24
0.3			0.55			2.84325e+24
0.3			0.6			2.81681e+24
0.3			0.65			2.75375e+24
0.3			0.7			2.62188e+24
0.3			0.75			2.38198e+24
0.3			0.8			1.99833e+24
0.3			0.85			1.45475e+24
0.3			0.9			7.69635e+23
0.3			0.95			2.25268e+20
0.3			1			0

0.35			0.05			3.48586e+24
0.35			0.1			3.39717e+24
0.35			0.15			3.2731e+24
0.35			0.2			3.13961e+24
0.35			0.25			3.01892e+24
0.35			0.3			2.92416e+24
0.35			0.35			2.85866e+24
0.35			0.4			2.81869e+24
0.35			0.45			2.79704e+24
0.35			0.5			2.78529e+24
0.35			0.55			2.77358e+24
0.35			0.6			2.7479e+24
0.35			0.65			2.68648e+24
0.35			0.7			2.55774e+24
0.35			0.75			2.32333e+24
0.35			0.8			1.94848e+24
0.35			0.85			1.41776e+24
0.35			0.9			7.49614e+23
0.35			0.95			7.05629e+19
0.35			1			0

0.4			0.05			3.44659e+24
0.4			0.1			3.35733e+24
0.4			0.15			3.23247e+24
0.4			0.2			3.09813e+24
0.4			0.25			2.97666e+24
0.4			0.3			2.8813e+24
0.4			0.35			2.81538e+24
0.4			0.4			2.77515e+24
0.4			0.45			2.75338e+24
0.4			0.5			2.74164e+24
0.4			0.55			2.7301e+24
0.4			0.6			2.7049e+24
0.4			0.65			2.64451e+24
0.4			0.7			2.51775e+24
0.4			0.75			2.28683e+24
0.4			0.8			1.91757e+24
0.4			0.85			1.39496e+24
0.4			0.9			7.37379e+23
0.4			0.95			2.5426e+19
0.4			1			0

0.45			0.05			3.42523e+24
0.45			0.1			3.33569e+24
0.45			0.15			3.21045e+24
0.45			0.2			3.0757e+24
0.45			0.25			2.95388e+24
0.45			0.3			2.85822e+24
0.45			0.35			2.79211e+24
0.45			0.4			2.75176e+24
0.45			0.45			2.72993e+24
0.45			0.5			2.71819e+24
0.45			0.55			2.70673e+24
0.45			0.6			2.68176e+24
0.45			0.65			2.62188e+24
0.45			0.7			2.49614e+24
0.45			0.75			2.26708e+24
0.45			0.8			1.90083e+24
0.45			0.85			1.38263e+24
0.45			0.9			7.3078e+23
0.45			0.95			1.25988e+19
0.45			1			0

0.5			0.05			3.41722e+24
0.5			0.1			3.32764e+24
0.5			0.15			3.20234e+24
0.5			0.2			3.06752e+24
0.5			0.25			2.94563e+24
0.5			0.3			2.84993e+24
0.5			0.35			2.78378e+24
0.5			0.4			2.74341e+24
0.5			0.45			2.72156e+24
0.5			0.5			2.7098e+24
0.5			0.55			2.69833e+24
0.5			0.6			2.67336e+24
0.5			0.65			2.61354e+24
0.5			0.7			2.48804e+24
0.5			0.75			2.25953e+24
0.5			0.8			1.89432e+24
0.5			0.85			1.37777e+24
0.5			0.9			7.28163e+23
0.5			0.95			1.07316e+19
0.5			1			0

0.55			0.05			3.42082e+24
0.55			0.1			3.33139e+24
0.55			0.15			3.2063e+24
0.55			0.2			3.07172e+24
0.55			0.25			2.95004e+24
0.55			0.3			2.8545e+24
0.55			0.35			2.78846e+24
0.55			0.4			2.74814e+24
0.55			0.45			2.7263e+24
0.55			0.5			2.71449e+24
0.55			0.55			2.70288e+24
0.55			0.6			2.67764e+24
0.55			0.65			2.61743e+24
0.55			0.7			2.49137e+24
0.55			0.75			2.26218e+24
0.55			0.8			1.89625e+24
0.55			0.85			1.37902e+24
0.55			0.9			7.28777e+23
0.55			0.95			1.71971e+19
0.55			1			0

0.6			0.05			3.43771e+24
0.6			0.1			3.34866e+24
0.6			0.15			3.2241e+24
0.6			0.2			3.09008e+24
0.6			0.25			2.96891e+24
0.6			0.3			2.87377e+24
0.6			0.35			2.80799e+24
0.6			0.4			2.76782e+24
0.6			0.45			2.746e+24
0.6			0.5			2.73407e+24
0.6			0.55			2.72213e+24
0.6			0.6			2.69628e+24
0.6			0.65			2.63502e+24
0.6			0.7			2.50739e+24
0.6			0.75			2.27606e+24
0.6			0.8			1.90741e+24
0.6			0.85			1.38691e+24
0.6			0.9			7.32907e+23
0.6			0.95			4.40085e+19
0.6			1			0

0.65			0.05			3.47239e+24
0.65			0.1			3.38401e+24
0.65			0.15			3.26038e+24
0.65			0.2			3.12736e+24
0.65			0.25			3.0071e+24
0.65			0.3			2.91266e+24
0.65			0.35			2.84737e+24
0.65			0.4			2.80745e+24
0.65			0.45			2.78567e+24
0.65			0.5			2.77352e+24
0.65			0.55			2.76098e+24
0.65			0.6			2.73395e+24
0.65			0.65			2.67073e+24
0.65			0.7			2.54014e+24
0.65			0.75			2.3047e+24
0.65			0.8			1.9307e+24
0.65			0.85			1.40359e+24
0.65			0.9			7.4176e+23
0.65			0.95			1.40068e+20
0.65			1			0

0.7			0.05			3.53028e+24
0.7			0.1			3.44293e+24
0.7			0.15			3.32074e+24
0.7			0.2			3.18928e+24
0.7			0.25			3.07042e+24
0.7			0.3			2.97709e+24
0.7			0.35			2.91255e+24
0.7			0.4			2.87304e+24
0.7			0.45			2.85131e+24
0.7			0.5			2.83878e+24
0.7			0.55			2.82524e+24
0.7			0.6			2.79632e+24
0.7			0.65			2.72995e+24
0.7			0.7			2.59461e+24
0.7			0.75			2.35256e+24
0.7			0.8			1.96994e+24
0.7			0.85			1.43204e+24
0.7			0.9			7.57165e+23
0.7			0.95			4.81223e+20
0.7			1			0

0.75			0.05			3.6145e+24
0.75			0.1			3.52857e+24
0.75			0.15			3.40837e+24
0.75			0.2			3.27906e+24
0.75			0.25			3.16217e+24
0.75			0.3			3.0704e+24
0.75			0.35			3.00693e+24
0.75			0.4			2.96799e+24
0.75			0.45			2.94632e+24
0.75			0.5			2.93322e+24
0.75			0.55			2.91824e+24
0.75			0.6			2.8866e+24
0.75			0.65			2.81573e+24
0.75			0.7			2.67369e+24
0.75			0.75			2.42242e+24
0.75			0.8			2.0278e+24
0.75			0.85			1.4748e+24
0.75			0.9			7.81174e+23
0.75			0.95			1.6957e+21
0.75			1			0

0.8			0.05			3.72206e+24
0.8			0.1			3.63788e+24
0.8			0.15			3.52014e+24
0.8			0.2			3.3935e+24
0.8			0.25			3.27906e+24
0.8			0.3			3.18924e+24
0.8			0.35			3.1271e+24
0.8			0.4			3.08888e+24
0.8			0.45			3.06727e+24
0.8			0.5			3.05344e+24
0.8			0.55			3.03662e+24
0.8			0.6			3.00152e+24
0.8			0.65			2.92503e+24
0.8			0.7			2.77471e+24
0.8			0.75			2.51221e+24
0.8			0.8			2.10324e+24
0.8			0.85			1.53234e+24
0.8			0.9			8.1592e+23
0.8			0.95			6.03299e+21
0.8			1			0

0.85			0.05			3.84125e+24
0.85			0.1			3.75895e+24
0.85			0.15			3.64388e+24
0.85			0.2			3.52014e+24
0.85			0.25			3.40836e+24
0.85			0.3			3.32066e+24
0.85			0.35			3.26e+24
0.85			0.4			3.22256e+24
0.85			0.45			3.20101e+24
0.85			0.5			3.18637e+24
0.85			0.55			3.16749e+24
0.85			0.6			3.12859e+24
0.85			0.65			3.04598e+24
0.85			0.7			2.88682e+24
0.85			0.75			2.61261e+24
0.85			0.8			2.18929e+24
0.85			0.85			1.60152e+24
0.85			0.9			8.64175e+23
0.85			0.95			2.15694e+22
0.85			1			0

0.9			0.05			3.95216e+24
0.9			0.1			3.87159e+24
0.9			0.15			3.75895e+24
0.9			0.2			3.63787e+24
0.9			0.25			3.52854e+24
0.9			0.3			3.44281e+24
0.9			0.35			3.3835e+24
0.9			0.4			3.34678e+24
0.9			0.45			3.32529e+24
0.9			0.5			3.30987e+24
0.9			0.55			3.28908e+24
0.9			0.6			3.24666e+24
0.9			0.65			3.15846e+24
0.9			0.7			2.99133e+24
0.9			0.75			2.70694e+24
0.9			0.8			2.27216e+24
0.9			0.85			1.67372e+24
0.9			0.9			9.29461e+23
0.9			0.95			7.73706e+22
0.9			1			0

0.95			0.05			4.03151e+24
0.95			0.1			3.95216e+24
0.95			0.15			3.84125e+24
0.95			0.2			3.72206e+24
0.95			0.25			3.61447e+24
0.95			0.3			3.53013e+24
0.95			0.35			3.47179e+24
0.95			0.4			3.43559e+24
0.95			0.45			3.41413e+24
0.95			0.5			3.39815e+24
0.95			0.55			3.37599e+24
0.95			0.6			3.33106e+24
0.95			0.65			3.23888e+24
0.95			0.7			3.06613e+24
0.95			0.75			2.77471e+24
0.95			0.8			2.33254e+24
0.95			0.85			1.73026e+24
0.95			0.9			1.00302e+24
0.95			0.95			2.78263e+23
0.95			1			0

1			0.05			4.0604e+24
1			0.1			3.98148e+24
1			0.15			3.8712e+24
1			0.2			3.75268e+24
1			0.25			3.64573e+24
1			0.3			3.5619e+24
1			0.35			3.50391e+24
1			0.4			3.4679e+24
1			0.45			3.44645e+24
1			0.5			3.43027e+24
1			0.55			3.4076e+24
1			0.6			3.36176e+24
1			0.65			3.26812e+24
1			0.7			3.09326e+24
1			0.75			2.79891e+24
1			0.8			2.35206e+24
1			0.85			1.73804e+24
1			0.9			9.62874e+23
1			0.95			0
1			1			66.9582

