0.05			0.05			2.84238e+15
0.05			0.1			2.74612e+15
0.05			0.15			2.62484e+15
0.05			0.2			2.51338e+15
0.05			0.25			2.43188e+15
0.05			0.3			2.38305e+15
0.05			0.35			2.35898e+15
0.05			0.4			2.34954e+15
0.05			0.45			2.34722e+15
0.05			0.5			2.34808e+15
0.05			0.55			2.35062e+15
0.05			0.6			2.35364e+15
0.05			0.65			2.35194e+15
0.05			0.7			2.32816e+15
0.05			0.75			2.24264e+15
0.05			0.8			2.03059e+15
0.05			0.85			1.62094e+15
0.05			0.9			9.77976e+14
0.05			0.95			1.25157e+14
0.05			1			0

0.1			0.05			2.74462e+15
0.1			0.1			2.64566e+15
0.1			0.15			2.52087e+15
0.1			0.2			2.40607e+15
0.1			0.25			2.322e+15
0.1			0.3			2.27149e+15
0.1			0.35			2.24648e+15
0.1			0.4			2.23657e+15
0.1			0.45			2.23404e+15
0.1			0.5			2.23481e+15
0.1			0.55			2.23737e+15
0.1			0.6			2.24057e+15
0.1			0.65			2.23934e+15
0.1			0.7			2.21651e+15
0.1			0.75			2.13264e+15
0.1			0.8			1.92298e+15
0.1			0.85			1.51586e+15
0.1			0.9			8.74808e+14
0.1			0.95			3.83716e+13
0.1			1			0

0.15			0.05			2.62112e+15
0.15			0.1			2.51867e+15
0.15			0.15			2.3894e+15
0.15			0.2			2.27035e+15
0.15			0.25			2.18301e+15
0.15			0.3			2.13041e+15
0.15			0.35			2.10424e+15
0.15			0.4			2.09375e+15
0.15			0.45			2.09096e+15
0.15			0.5			2.09162e+15
0.15			0.55			2.09422e+15
0.15			0.6			2.09771e+15
0.15			0.65			2.09727e+15
0.15			0.7			2.07626e+15
0.15			0.75			1.99621e+15
0.15			0.8			1.79431e+15
0.15			0.85			1.40242e+15
0.15			0.9			7.9082e+14
0.15			0.95			1.23611e+13
0.15			1			0

0.2			0.05			2.507e+15
0.2			0.1			2.40125e+15
0.2			0.15			2.26777e+15
0.2			0.2			2.14474e+15
0.2			0.25			2.0544e+15
0.2			0.3			1.99988e+15
0.2			0.35			1.97267e+15
0.2			0.4			1.96168e+15
0.2			0.45			1.95866e+15
0.2			0.5			1.95923e+15
0.2			0.55			1.96187e+15
0.2			0.6			1.96567e+15
0.2			0.65			1.9661e+15
0.2			0.7			1.94723e+15
0.2			0.75			1.87191e+15
0.2			0.8			1.67981e+15
0.2			0.85			1.30694e+15
0.2			0.9			7.29202e+14
0.2			0.95			4.42463e+12
0.2			1			0

0.25			0.05			2.42263e+15
0.25			0.1			2.31438e+15
0.25			0.15			2.17772e+15
0.25			0.2			2.05174e+15
0.25			0.25			1.95918e+15
0.25			0.3			1.90329e+15
0.25			0.35			1.87535e+15
0.25			0.4			1.86401e+15
0.25			0.45			1.86083e+15
0.25			0.5			1.86134e+15
0.25			0.55			1.86401e+15
0.25			0.6			1.86804e+15
0.25			0.65			1.8692e+15
0.25			0.7			1.85213e+15
0.25			0.75			1.78087e+15
0.25			0.8			1.59718e+15
0.25			0.85			1.24014e+15
0.25			0.9			6.88882e+14
0.25			0.95			1.95692e+12
0.25			1			0

0.3			0.05			2.37087e+15
0.3			0.1			2.26104e+15
0.3			0.15			2.12241e+15
0.3			0.2			1.99461e+15
0.3			0.25			1.90073e+15
0.3			0.3			1.84404e+15
0.3			0.35			1.81568e+15
0.3			0.4			1.80415e+15
0.3			0.45			1.80088e+15
0.3			0.5			1.80136e+15
0.3			0.55			1.80404e+15
0.3			0.6			1.80821e+15
0.3			0.65			1.80982e+15
0.3			0.7			1.79392e+15
0.3			0.75			1.72536e+15
0.3			0.8			1.54723e+15
0.3			0.85			1.20044e+15
0.3			0.9			6.65716e+14
0.3			0.95			1.17674e+12
0.3			1			0

0.35			0.05			2.34384e+15
0.35			0.1			2.2332e+15
0.35			0.15			2.09356e+15
0.35			0.2			1.96485e+15
0.35			0.25			1.87032e+15
0.35			0.3			1.81325e+15
0.35			0.35			1.7847e+15
0.35			0.4			1.77309e+15
0.35			0.45			1.76978e+15
0.35			0.5			1.77024e+15
0.35			0.55			1.77293e+15
0.35			0.6			1.77716e+15
0.35			0.65			1.77899e+15
0.35			0.7			1.76371e+15
0.35			0.75			1.69659e+15
0.35			0.8			1.52145e+15
0.35			0.85			1.18014e+15
0.35			0.9			6.54068e+14
0.35			0.95			9.27562e+11
0.35			1			0

0.4			0.05			2.33144e+15
0.4			0.1			2.22046e+15
0.4			0.15			2.0804e+15
0.4			0.2			1.95133e+15
0.4			0.25			1.85656e+15
0.4			0.3			1.79936e+15
0.4			0.35			1.77074e+15
0.4			0.4			1.7591e+15
0.4			0.45			1.75578e+15
0.4			0.5			1.75623e+15
0.4			0.55			1.75892e+15
0.4			0.6			1.76317e+15
0.4			0.65			1.76509e+15
0.4			0.7			1.75006e+15
0.4			0.75			1.68359e+15
0.4			0.8			1.50981e+15
0.4			0.85			1.17101e+15
0.4			0.9			6.48877e+14
0.4			0.95			8.47911e+11
0.4			1			0

0.45			0.05			2.32607e+15
0.45			0.1			2.21501e+15
0.45			0.15			2.07484e+15
0.45			0.2			1.9457e+15
0.45			0.25			1.85087e+15
0.45			0.3			1.79365e+15
0.45			0.35			1.76503e+15
0.45			0.4			1.75338e+15
0.45			0.45			1.75006e+15
0.45			0.5			1.7505e+15
0.45			0.55			1.75319e+15
0.45			0.6			1.75744e+15
0.45			0.65			1.75939e+15
0.45			0.7			1.74446e+15
0.45			0.75			1.67822e+15
0.45			0.8			1.50499e+15
0.45			0.85			1.16723e+15
0.45			0.9			6.46732e+14
0.45			0.95			8.22543e+11
0.45			1			0

0.5			0.05			2.32371e+15
0.5			0.1			2.21268e+15
0.5			0.15			2.07255e+15
0.5			0.2			1.94345e+15
0.5			0.25			1.84866e+15
0.5			0.3			1.79146e+15
0.5			0.35			1.76285e+15
0.5			0.4			1.75121e+15
0.5			0.45			1.74788e+15
0.5			0.5			1.74833e+15
0.5			0.55			1.75101e+15
0.5			0.6			1.75526e+15
0.5			0.65			1.75721e+15
0.5			0.7			1.74228e+15
0.5			0.75			1.6761e+15
0.5			0.8			1.50305e+15
0.5			0.85			1.16568e+15
0.5			0.9			6.45843e+14
0.5			0.95			8.14793e+11
0.5			1			0

0.55			0.05			2.32315e+15
0.55			0.1			2.21222e+15
0.55			0.15			2.07224e+15
0.55			0.2			1.94325e+15
0.55			0.25			1.84854e+15
0.55			0.3			1.79139e+15
0.55			0.35			1.7628e+15
0.55			0.4			1.75118e+15
0.55			0.45			1.74785e+15
0.55			0.5			1.7483e+15
0.55			0.55			1.75098e+15
0.55			0.6			1.75521e+15
0.55			0.65			1.75712e+15
0.55			0.7			1.74212e+15
0.55			0.75			1.67584e+15
0.55			0.8			1.50267e+15
0.55			0.85			1.16528e+15
0.55			0.9			6.4558e+14
0.55			0.95			8.1583e+11
0.55			1			0

0.6			0.05			2.32557e+15
0.6			0.1			2.21487e+15
0.6			0.15			2.07515e+15
0.6			0.2			1.94641e+15
0.6			0.25			1.85186e+15
0.6			0.3			1.7948e+15
0.6			0.35			1.76626e+15
0.6			0.4			1.75465e+15
0.6			0.45			1.75134e+15
0.6			0.5			1.75178e+15
0.6			0.55			1.75445e+15
0.6			0.6			1.75864e+15
0.6			0.65			1.76043e+15
0.6			0.7			1.74515e+15
0.6			0.75			1.6784e+15
0.6			0.8			1.50459e+15
0.6			0.85			1.1665e+15
0.6			0.9			6.46172e+14
0.6			0.95			8.35242e+11
0.6			1			0

0.65			0.05			2.33496e+15
0.65			0.1			2.22473e+15
0.65			0.15			2.08559e+15
0.65			0.2			1.95736e+15
0.65			0.25			1.86318e+15
0.65			0.3			1.80632e+15
0.65			0.35			1.77788e+15
0.65			0.4			1.76631e+15
0.65			0.45			1.76301e+15
0.65			0.5			1.76345e+15
0.65			0.55			1.76608e+15
0.65			0.6			1.77014e+15
0.65			0.65			1.77156e+15
0.65			0.7			1.75553e+15
0.65			0.75			1.68746e+15
0.65			0.8			1.5118e+15
0.65			0.85			1.1715e+15
0.65			0.9			6.48796e+14
0.65			0.95			9.21862e+11
0.65			1			0

0.7			0.05			2.35882e+15
0.7			0.1			2.24953e+15
0.7			0.15			2.11156e+15
0.7			0.2			1.98439e+15
0.7			0.25			1.89096e+15
0.7			0.3			1.83455e+15
0.7			0.35			1.80633e+15
0.7			0.4			1.79486e+15
0.7			0.45			1.79159e+15
0.7			0.5			1.79203e+15
0.7			0.55			1.79456e+15
0.7			0.6			1.79828e+15
0.7			0.65			1.79883e+15
0.7			0.7			1.78102e+15
0.7			0.75			1.70995e+15
0.7			0.8			1.53005e+15
0.7			0.85			1.18456e+15
0.7			0.9			6.55917e+14
0.7			0.95			1.25242e+12
0.7			1			0

0.75			0.05			2.4072e+15
0.75			0.1			2.29959e+15
0.75			0.15			2.16375e+15
0.75			0.2			2.03852e+15
0.75			0.25			1.94651e+15
0.75			0.3			1.89096e+15
0.75			0.35			1.86319e+15
0.75			0.4			1.85192e+15
0.75			0.45			1.84872e+15
0.75			0.5			1.84914e+15
0.75			0.55			1.85144e+15
0.75			0.6			1.85443e+15
0.75			0.65			1.85324e+15
0.75			0.7			1.83197e+15
0.75			0.75			1.75516e+15
0.75			0.8			1.56724e+15
0.75			0.85			1.21182e+15
0.75			0.9			6.71433e+14
0.75			0.95			2.44254e+12
0.75			1			0

0.8			0.05			2.48795e+15
0.8			0.1			2.38294e+15
0.8			0.15			2.2504e+15
0.8			0.2			2.12823e+15
0.8			0.25			2.03852e+15
0.8			0.3			1.98439e+15
0.8			0.35			1.95737e+15
0.8			0.4			1.94645e+15
0.8			0.45			1.94339e+15
0.8			0.5			1.94374e+15
0.8			0.55			1.94562e+15
0.8			0.6			1.94735e+15
0.8			0.65			1.94322e+15
0.8			0.7			1.91628e+15
0.8			0.75			1.83032e+15
0.8			0.8			1.62982e+15
0.8			0.85			1.25904e+15
0.8			0.9			7.00156e+14
0.8			0.95			6.62878e+12
0.8			1			0

0.85			0.05			2.5984e+15
0.85			0.1			2.49675e+15
0.85			0.15			2.36851e+15
0.85			0.2			2.2504e+15
0.85			0.25			2.16375e+15
0.85			0.3			2.11157e+15
0.85			0.35			2.0856e+15
0.85			0.4			2.07518e+15
0.85			0.45			2.0723e+15
0.85			0.5			2.07255e+15
0.85			0.55			2.07381e+15
0.85			0.6			2.07374e+15
0.85			0.65			2.06554e+15
0.85			0.7			2.03095e+15
0.85			0.75			1.93295e+15
0.85			0.8			1.71643e+15
0.85			0.85			1.32704e+15
0.85			0.9			7.46666e+14
0.85			0.95			2.1258e+13
0.85			1			0

0.9			0.05			2.71857e+15
0.9			0.1			2.62046e+15
0.9			0.15			2.49675e+15
0.9			0.2			2.38294e+15
0.9			0.25			2.29959e+15
0.9			0.3			2.24953e+15
0.9			0.35			2.22473e+15
0.9			0.4			2.21487e+15
0.9			0.45			2.21219e+15
0.9			0.5			2.21232e+15
0.9			0.55			2.21285e+15
0.9			0.6			2.21076e+15
0.9			0.65			2.19808e+15
0.9			0.7			2.15521e+15
0.9			0.75			2.04449e+15
0.9			0.8			1.81188e+15
0.9			0.85			1.4062e+15
0.9			0.9			8.13203e+14
0.9			0.95			7.24416e+13
0.9			1			0

0.95			0.05			2.81395e+15
0.95			0.1			2.71857e+15
0.95			0.15			2.5984e+15
0.95			0.2			2.48795e+15
0.95			0.25			2.4072e+15
0.95			0.3			2.35882e+15
0.95			0.35			2.33496e+15
0.95			0.4			2.32555e+15
0.95			0.45			2.32303e+15
0.95			0.5			2.32305e+15
0.95			0.55			2.32299e+15
0.95			0.6			2.31925e+15
0.95			0.65			2.30294e+15
0.95			0.7			2.25345e+15
0.95			0.75			2.13265e+15
0.95			0.8			1.88758e+15
0.95			0.85			1.47161e+15
0.95			0.9			8.86958e+14
0.95			0.95			2.52254e+14
0.95			1			0

1			0.05			2.85051e+15
1			0.1			2.75616e+15
1			0.15			2.63733e+15
1			0.2			2.52817e+15
1			0.25			2.44841e+15
1			0.3			2.40067e+15
1			0.35			2.37717e+15
1			0.4			2.36794e+15
1			0.45			2.36549e+15
1			0.5			2.36546e+15
1			0.55			2.36516e+15
1			0.6			2.36077e+15
1			0.65			2.34305e+15
1			0.7			2.29093e+15
1			0.75			2.16585e+15
1			0.8			1.91403e+15
1			0.85			1.48424e+15
1			0.9			8.52588e+14
1			0.95			0
1			1			42.9731

