0.05			0.05			370158
0.05			0.1			334750
0.05			0.15			307914
0.05			0.2			296528
0.05			0.25			293718
0.05			0.3			293438
0.05			0.35			293581
0.05			0.4			293763
0.05			0.45			293947
0.05			0.5			294130
0.05			0.55			294314
0.05			0.6			294500
0.05			0.65			294723
0.05			0.7			295323
0.05			0.75			297848
0.05			0.8			304392
0.05			0.85			305418
0.05			0.9			254719
0.05			0.95			79580.2
0.05			1			0

0.1			0.05			334450
0.1			0.1			295576
0.1			0.15			265713
0.1			0.2			252731
0.1			0.25			249368
0.1			0.3			248949
0.1			0.35			249050
0.1			0.4			249204
0.1			0.45			249360
0.1			0.5			249516
0.1			0.55			249672
0.1			0.6			249830
0.1			0.65			250038
0.1			0.7			250716
0.1			0.75			253642
0.1			0.8			261155
0.1			0.85			263182
0.1			0.9			212529
0.1			0.95			44618.2
0.1			1			0

0.15			0.05			307248
0.15			0.1			265366
0.15			0.15			233044
0.15			0.2			218911
0.15			0.25			215221
0.15			0.3			214738
0.15			0.35			214818
0.15			0.4			214951
0.15			0.45			215085
0.15			0.5			215220
0.15			0.55			215354
0.15			0.6			215491
0.15			0.65			215678
0.15			0.7			216376
0.15			0.75			219584
0.15			0.8			228173
0.15			0.85			232740
0.15			0.9			187398
0.15			0.95			33675.5
0.15			1			0

0.2			0.05			295489
0.2			0.1			252052
0.2			0.15			218603
0.2			0.2			204050
0.2			0.25			200283
0.2			0.3			199791
0.2			0.35			199862
0.2			0.4			199985
0.2			0.45			200110
0.2			0.5			200236
0.2			0.55			200361
0.2			0.6			200488
0.2			0.65			200666
0.2			0.7			201354
0.2			0.75			204622
0.2			0.8			213640
0.2			0.85			219579
0.2			0.9			177399
0.2			0.95			30672.5
0.2			1			0

0.25			0.05			292312
0.25			0.1			248372
0.25			0.15			214633
0.25			0.2			200017
0.25			0.25			196251
0.25			0.3			195757
0.25			0.35			195825
0.25			0.4			195946
0.25			0.45			196068
0.25			0.5			196191
0.25			0.55			196314
0.25			0.6			196438
0.25			0.65			196614
0.25			0.7			197299
0.25			0.75			200562
0.25			0.8			209643
0.25			0.85			215938
0.25			0.9			174721
0.25			0.95			30013.3
0.25			1			0

0.3			0.05			291665
0.3			0.1			247641
0.3			0.15			213881
0.3			0.2			199274
0.3			0.25			195509
0.3			0.3			195015
0.3			0.35			195083
0.3			0.4			195203
0.3			0.45			195325
0.3			0.5			195448
0.3			0.55			195570
0.3			0.6			195694
0.3			0.65			195869
0.3			0.7			196553
0.3			0.75			199814
0.3			0.8			208889
0.3			0.85			215222
0.3			0.9			174192
0.3			0.95			29903.7
0.3			1			0

0.35			0.05			291443
0.35			0.1			247432
0.35			0.15			213694
0.35			0.2			199095
0.35			0.25			195333
0.35			0.3			194839
0.35			0.35			194907
0.35			0.4			195027
0.35			0.45			195149
0.35			0.5			195271
0.35			0.55			195393
0.35			0.6			195517
0.35			0.65			195692
0.35			0.7			196376
0.35			0.75			199635
0.35			0.8			208704
0.35			0.85			215033
0.35			0.9			174043
0.35			0.95			29879
0.35			1			0

0.4			0.05			291259
0.4			0.1			247276
0.4			0.15			213558
0.4			0.2			198969
0.4			0.25			195209
0.4			0.3			194716
0.4			0.35			194784
0.4			0.4			194903
0.4			0.45			195025
0.4			0.5			195147
0.4			0.55			195269
0.4			0.6			195393
0.4			0.65			195568
0.4			0.7			196251
0.4			0.75			199508
0.4			0.8			208572
0.4			0.85			214897
0.4			0.9			173932
0.4			0.95			29860.3
0.4			1			0

0.45			0.05			291077
0.45			0.1			247121
0.45			0.15			213425
0.45			0.2			198845
0.45			0.25			195087
0.45			0.3			194594
0.45			0.35			194662
0.45			0.4			194782
0.45			0.45			194903
0.45			0.5			195025
0.45			0.55			195147
0.45			0.6			195271
0.45			0.65			195445
0.45			0.7			196129
0.45			0.75			199383
0.45			0.8			208441
0.45			0.85			214762
0.45			0.9			173823
0.45			0.95			29841.6
0.45			1			0

0.5			0.05			290895
0.5			0.1			246967
0.5			0.15			213291
0.5			0.2			198720
0.5			0.25			194965
0.5			0.3			194472
0.5			0.35			194540
0.5			0.4			194660
0.5			0.45			194782
0.5			0.5			194903
0.5			0.55			195025
0.5			0.6			195149
0.5			0.65			195323
0.5			0.7			196006
0.5			0.75			199259
0.5			0.8			208311
0.5			0.85			214628
0.5			0.9			173715
0.5			0.95			29823
0.5			1			0

0.55			0.05			290713
0.55			0.1			246813
0.55			0.15			213158
0.55			0.2			198596
0.55			0.25			194843
0.55			0.3			194351
0.55			0.35			194419
0.55			0.4			194538
0.55			0.45			194660
0.55			0.5			194782
0.55			0.55			194903
0.55			0.6			195027
0.55			0.65			195201
0.55			0.7			195884
0.55			0.75			199134
0.55			0.8			208181
0.55			0.85			214494
0.55			0.9			173606
0.55			0.95			29804.3
0.55			1			0

0.6			0.05			290532
0.6			0.1			246658
0.6			0.15			213025
0.6			0.2			198472
0.6			0.25			194721
0.6			0.3			194229
0.6			0.35			194297
0.6			0.4			194417
0.6			0.45			194538
0.6			0.5			194660
0.6			0.55			194782
0.6			0.6			194905
0.6			0.65			195079
0.6			0.7			195761
0.6			0.75			199010
0.6			0.8			208051
0.6			0.85			214360
0.6			0.9			173498
0.6			0.95			29783.7
0.6			1			0

0.65			0.05			290352
0.65			0.1			246506
0.65			0.15			212894
0.65			0.2			198350
0.65			0.25			194602
0.65			0.3			194110
0.65			0.35			194178
0.65			0.4			194297
0.65			0.45			194419
0.65			0.5			194540
0.65			0.55			194662
0.65			0.6			194786
0.65			0.65			194959
0.65			0.7			195641
0.65			0.75			198887
0.65			0.8			207923
0.65			0.85			214228
0.65			0.9			173377
0.65			0.95			29737.1
0.65			1			0

0.7			0.05			290210
0.7			0.1			246406
0.7			0.15			212814
0.7			0.2			198280
0.7			0.25			194534
0.7			0.3			194042
0.7			0.35			194110
0.7			0.4			194229
0.7			0.45			194351
0.7			0.5			194472
0.7			0.55			194594
0.7			0.6			194718
0.7			0.65			194891
0.7			0.7			195572
0.7			0.75			198817
0.7			0.8			207847
0.7			0.85			214106
0.7			0.9			173140
0.7			0.95			29552.7
0.7			1			0

0.75			0.05			290488
0.75			0.1			246821
0.75			0.15			213292
0.75			0.2			198767
0.75			0.25			195024
0.75			0.3			194534
0.75			0.35			194602
0.75			0.4			194721
0.75			0.45			194843
0.75			0.5			194965
0.75			0.55			195087
0.75			0.6			195211
0.75			0.65			195385
0.75			0.7			196066
0.75			0.75			199309
0.75			0.8			208263
0.75			0.85			214122
0.75			0.9			172484
0.75			0.95			28991.7
0.75			1			0

0.8			0.05			293268
0.8			0.1			250152
0.8			0.15			216951
0.8			0.2			202506
0.8			0.25			198767
0.8			0.3			198280
0.8			0.35			198350
0.8			0.4			198472
0.8			0.45			198596
0.8			0.5			198720
0.8			0.55			198845
0.8			0.6			198971
0.8			0.65			199147
0.8			0.7			199830
0.8			0.75			203004
0.8			0.8			211381
0.8			0.85			215427
0.8			0.9			171471
0.8			0.95			27992.4
0.8			1			0

0.85			0.05			304538
0.85			0.1			263010
0.85			0.15			230962
0.85			0.2			216951
0.85			0.25			213292
0.85			0.3			212814
0.85			0.35			212894
0.85			0.4			213025
0.85			0.45			213158
0.85			0.5			213291
0.85			0.55			213425
0.85			0.6			213560
0.85			0.65			213746
0.85			0.7			214395
0.85			0.75			217108
0.85			0.8			223311
0.85			0.85			222158
0.85			0.9			172379
0.85			0.95			27851.1
0.85			1			0

0.9			0.05			331102
0.9			0.1			292592
0.9			0.15			263010
0.9			0.2			250152
0.9			0.25			246821
0.9			0.3			246406
0.9			0.35			246506
0.9			0.4			246658
0.9			0.45			246813
0.9			0.5			246967
0.9			0.55			247121
0.9			0.6			247278
0.9			0.65			247470
0.9			0.7			247930
0.9			0.75			249299
0.9			0.8			250637
0.9			0.85			239502
0.9			0.9			179762
0.9			0.95			34462.5
0.9			1			0

0.95			0.05			366155
0.95			0.1			331102
0.95			0.15			304538
0.95			0.2			293268
0.95			0.25			290488
0.95			0.3			290210
0.95			0.35			290352
0.95			0.4			290532
0.95			0.45			290713
0.95			0.5			290895
0.95			0.55			291077
0.95			0.6			291259
0.95			0.65			291433
0.95			0.7			291509
0.95			0.75			290823
0.95			0.8			285673
0.95			0.85			262208
0.95			0.9			192356
0.95			0.95			67743.1
0.95			1			0

1			0.05			383477
1			0.1			350014
1			0.15			324880
1			0.2			314403
1			0.25			311921
1			0.3			311728
1			0.35			311895
1			0.4			312090
1			0.45			312285
1			0.5			312481
1			0.55			312676
1			0.6			312869
1			0.65			313018
1			0.7			312840
1			0.75			310945
1			0.8			301955
1			0.85			269588
1			0.9			180911
1			0.95			0
1			1			16.9894

