0.05			0.05			5.50871e+17
0.05			0.1			5.34935e+17
0.05			0.15			5.1412e+17
0.05			0.2			4.93922e+17
0.05			0.25			4.7803e+17
0.05			0.3			4.67571e+17
0.05			0.35			4.61766e+17
0.05			0.4			4.59094e+17
0.05			0.45			4.58186e+17
0.05			0.5			4.58154e+17
0.05			0.55			4.58455e+17
0.05			0.6			4.58378e+17
0.05			0.65			4.56088e+17
0.05			0.7			4.47271e+17
0.05			0.75			4.24082e+17
0.05			0.8			3.75863e+17
0.05			0.85			2.93016e+17
0.05			0.9			1.72857e+17
0.05			0.95			2.08177e+16
0.05			1			0

0.1			0.05			5.34662e+17
0.1			0.1			5.18353e+17
0.1			0.15			4.9704e+17
0.1			0.2			4.76345e+17
0.1			0.25			4.60045e+17
0.1			0.3			4.493e+17
0.1			0.35			4.4332e+17
0.1			0.4			4.40553e+17
0.1			0.45			4.39599e+17
0.1			0.5			4.39551e+17
0.1			0.55			4.39862e+17
0.1			0.6			4.39832e+17
0.1			0.65			4.37654e+17
0.1			0.7			4.2906e+17
0.1			0.75			4.06252e+17
0.1			0.8			3.58574e+17
0.1			0.85			2.76232e+17
0.1			0.9			1.56188e+17
0.1			0.95			6.15936e+15
0.1			1			0

0.15			0.05			5.13436e+17
0.15			0.1			4.96632e+17
0.15			0.15			4.74662e+17
0.15			0.2			4.53312e+17
0.15			0.25			4.36475e+17
0.15			0.3			4.25358e+17
0.15			0.35			4.19151e+17
0.15			0.4			4.16262e+17
0.15			0.45			4.1525e+17
0.15			0.5			4.15182e+17
0.15			0.55			4.1551e+17
0.15			0.6			4.15556e+17
0.15			0.65			4.13565e+17
0.15			0.7			4.05379e+17
0.15			0.75			3.83389e+17
0.15			0.8			3.37254e+17
0.15			0.85			2.57684e+17
0.15			0.9			1.42575e+17
0.15			0.95			1.8696e+15
0.15			1			0

0.2			0.05			4.92737e+17
0.2			0.1			4.75442e+17
0.2			0.15			4.52822e+17
0.2			0.2			4.30828e+17
0.2			0.25			4.13469e+17
0.2			0.3			4.01991e+17
0.2			0.35			3.95568e+17
0.2			0.4			3.92563e+17
0.2			0.45			3.91496e+17
0.2			0.5			3.91411e+17
0.2			0.55			3.91759e+17
0.2			0.6			3.9189e+17
0.2			0.65			3.90118e+17
0.2			0.7			3.82425e+17
0.2			0.75			3.61462e+17
0.2			0.8			3.17318e+17
0.2			0.85			2.41337e+17
0.2			0.9			1.32215e+17
0.2			0.95			5.97095e+14
0.2			1			0

0.25			0.05			4.76296e+17
0.25			0.1			4.58603e+17
0.25			0.15			4.3546e+17
0.25			0.2			4.12951e+17
0.25			0.25			3.95178e+17
0.25			0.3			3.83418e+17
0.25			0.35			3.76828e+17
0.25			0.4			3.73736e+17
0.25			0.45			3.72628e+17
0.25			0.5			3.7253e+17
0.25			0.55			3.72896e+17
0.25			0.6			3.731e+17
0.25			0.65			3.71524e+17
0.25			0.7			3.64278e+17
0.25			0.75			3.44253e+17
0.25			0.8			3.01918e+17
0.25			0.85			2.29115e+17
0.25			0.9			1.24993e+17
0.25			0.95			2.13541e+14
0.25			1			0

0.3			0.05			4.65269e+17
0.3			0.1			4.47305e+17
0.3			0.15			4.23808e+17
0.3			0.2			4.00953e+17
0.3			0.25			3.82907e+17
0.3			0.3			3.70963e+17
0.3			0.35			3.64266e+17
0.3			0.4			3.6112e+17
0.3			0.45			3.59986e+17
0.3			0.5			3.59881e+17
0.3			0.55			3.60258e+17
0.3			0.6			3.60513e+17
0.3			0.65			3.59075e+17
0.3			0.7			3.52152e+17
0.3			0.75			3.32808e+17
0.3			0.8			2.91775e+17
0.3			0.85			2.21211e+17
0.3			0.9			1.20479e+17
0.3			0.95			9.58889e+13
0.3			1			0

0.35			0.05			4.58886e+17
0.35			0.1			4.40767e+17
0.35			0.15			4.17066e+17
0.35			0.2			3.94017e+17
0.35			0.25			3.75818e+17
0.35			0.3			3.63774e+17
0.35			0.35			3.57021e+17
0.35			0.4			3.53846e+17
0.35			0.45			3.52699e+17
0.35			0.5			3.5259e+17
0.35			0.55			3.52973e+17
0.35			0.6			3.53257e+17
0.35			0.65			3.51899e+17
0.35			0.7			3.45168e+17
0.35			0.75			3.26233e+17
0.35			0.8			2.8598e+17
0.35			0.85			2.1674e+17
0.35			0.9			1.17971e+17
0.35			0.95			5.91815e+13
0.35			1			0

0.4			0.05			4.55629e+17
0.4			0.1			4.37435e+17
0.4			0.15			4.13638e+17
0.4			0.2			3.90498e+17
0.4			0.25			3.7223e+17
0.4			0.3			3.60142e+17
0.4			0.35			3.53365e+17
0.4			0.4			3.50178e+17
0.4			0.45			3.49025e+17
0.4			0.5			3.48914e+17
0.4			0.55			3.493e+17
0.4			0.6			3.49597e+17
0.4			0.65			3.48277e+17
0.4			0.7			3.41642e+17
0.4			0.75			3.22915e+17
0.4			0.8			2.83062e+17
0.4			0.85			2.14501e+17
0.4			0.9			1.16726e+17
0.4			0.95			4.75781e+13
0.4			1			0

0.45			0.05			4.54124e+17
0.45			0.1			4.35904e+17
0.45			0.15			4.12074e+17
0.45			0.2			3.88904e+17
0.45			0.25			3.70614e+17
0.45			0.3			3.58513e+17
0.45			0.35			3.51729e+17
0.45			0.4			3.48538e+17
0.45			0.45			3.47384e+17
0.45			0.5			3.47272e+17
0.45			0.55			3.47659e+17
0.45			0.6			3.4796e+17
0.45			0.65			3.46654e+17
0.45			0.7			3.40059e+17
0.45			0.75			3.21421e+17
0.45			0.8			2.81746e+17
0.45			0.85			2.13491e+17
0.45			0.9			1.16166e+17
0.45			0.95			4.39247e+13
0.45			1			0

0.5			0.05			4.53524e+17
0.5			0.1			4.35304e+17
0.5			0.15			4.11477e+17
0.5			0.2			3.88309e+17
0.5			0.25			3.70022e+17
0.5			0.3			3.57923e+17
0.5			0.35			3.51141e+17
0.5			0.4			3.47951e+17
0.5			0.45			3.46797e+17
0.5			0.5			3.46685e+17
0.5			0.55			3.47071e+17
0.5			0.6			3.4737e+17
0.5			0.65			3.46066e+17
0.5			0.7			3.39476e+17
0.5			0.75			3.2086e+17
0.5			0.8			2.81242e+17
0.5			0.85			2.13096e+17
0.5			0.9			1.15945e+17
0.5			0.95			4.30003e+13
0.5			1			0

0.55			0.05			4.53551e+17
0.55			0.1			4.35353e+17
0.55			0.15			4.11553e+17
0.55			0.2			3.88411e+17
0.55			0.25			3.70144e+17
0.55			0.3			3.58058e+17
0.55			0.35			3.51282e+17
0.55			0.4			3.48096e+17
0.55			0.45			3.46943e+17
0.55			0.5			3.46831e+17
0.55			0.55			3.47214e+17
0.55			0.6			3.47506e+17
0.55			0.65			3.46186e+17
0.55			0.7			3.39568e+17
0.55			0.75			3.20914e+17
0.55			0.8			2.81256e+17
0.55			0.85			2.13084e+17
0.55			0.9			1.15931e+17
0.55			0.95			4.37732e+13
0.55			1			0

0.6			0.05			4.54476e+17
0.6			0.1			4.36326e+17
0.6			0.15			4.12588e+17
0.6			0.2			3.89505e+17
0.6			0.25			3.71282e+17
0.6			0.3			3.59224e+17
0.6			0.35			3.52464e+17
0.6			0.4			3.49284e+17
0.6			0.45			3.48134e+17
0.6			0.5			3.4802e+17
0.6			0.55			3.48396e+17
0.6			0.6			3.48666e+17
0.6			0.65			3.47297e+17
0.6			0.7			3.40588e+17
0.6			0.75			3.21791e+17
0.6			0.8			2.81946e+17
0.6			0.85			2.13559e+17
0.6			0.9			1.16176e+17
0.6			0.95			4.81984e+13
0.6			1			0

0.65			0.05			4.57137e+17
0.65			0.1			4.39083e+17
0.65			0.15			4.15469e+17
0.65			0.2			3.92504e+17
0.65			0.25			3.74372e+17
0.65			0.3			3.62372e+17
0.65			0.35			3.55644e+17
0.65			0.4			3.5248e+17
0.65			0.45			3.51335e+17
0.65			0.5			3.51217e+17
0.65			0.55			3.51573e+17
0.65			0.6			3.51789e+17
0.65			0.65			3.503e+17
0.65			0.7			3.43371e+17
0.65			0.75			3.2423e+17
0.65			0.8			2.83916e+17
0.65			0.85			2.14959e+17
0.65			0.9			1.16923e+17
0.65			0.95			6.49359e+13
0.65			1			0

0.7			0.05			4.62894e+17
0.7			0.1			4.45017e+17
0.7			0.15			4.21632e+17
0.7			0.2			3.98888e+17
0.7			0.25			3.80928e+17
0.7			0.3			3.69042e+17
0.7			0.35			3.62377e+17
0.7			0.4			3.59244e+17
0.7			0.45			3.5811e+17
0.7			0.5			3.57983e+17
0.7			0.55			3.58294e+17
0.7			0.6			3.58394e+17
0.7			0.65			3.56656e+17
0.7			0.7			3.49279e+17
0.7			0.75			3.29442e+17
0.7			0.8			2.88182e+17
0.7			0.85			2.18048e+17
0.7			0.9			1.18612e+17
0.7			0.95			1.24747e+14
0.7			1			0

0.75			0.05			4.73259e+17
0.75			0.1			4.5567e+17
0.75			0.15			4.32664e+17
0.75			0.2			4.10288e+17
0.75			0.25			3.9262e+17
0.75			0.3			3.80929e+17
0.75			0.35			3.74377e+17
0.75			0.4			3.713e+17
0.75			0.45			3.70184e+17
0.75			0.5			3.70038e+17
0.75			0.55			3.70266e+17
0.75			0.6			3.70152e+17
0.75			0.65			3.67972e+17
0.75			0.7			3.59814e+17
0.75			0.75			3.38785e+17
0.75			0.8			2.95909e+17
0.75			0.85			2.23758e+17
0.75			0.9			1.21856e+17
0.75			0.95			3.35102e+14
0.75			1			0

0.8			0.05			4.89008e+17
0.8			0.1			4.71832e+17
0.8			0.15			4.49369e+17
0.8			0.2			4.27527e+17
0.8			0.25			4.10288e+17
0.8			0.3			3.98889e+17
0.8			0.35			3.92508e+17
0.8			0.4			3.89517e+17
0.8			0.45			3.88428e+17
0.8			0.5			3.8825e+17
0.8			0.55			3.88344e+17
0.8			0.6			3.879e+17
0.8			0.65			3.85052e+17
0.8			0.7			3.75736e+17
0.8			0.75			3.52969e+17
0.8			0.8			3.07783e+17
0.8			0.85			2.32782e+17
0.8			0.9			1.27335e+17
0.8			0.95			1.0725e+15
0.8			1			0

0.85			0.05			5.09026e+17
0.85			0.1			4.92352e+17
0.85			0.15			4.70553e+17
0.85			0.2			4.49369e+17
0.85			0.25			4.32664e+17
0.85			0.3			4.21633e+17
0.85			0.35			4.15471e+17
0.85			0.4			4.12592e+17
0.85			0.45			4.11537e+17
0.85			0.5			4.11315e+17
0.85			0.55			4.11232e+17
0.85			0.6			4.1036e+17
0.85			0.65			4.06662e+17
0.85			0.7			3.95905e+17
0.85			0.75			3.71023e+17
0.85			0.8			3.23123e+17
0.85			0.85			2.44947e+17
0.85			0.9			1.35691e+17
0.85			0.95			3.66272e+15
0.85			1			0

0.9			0.05			5.29655e+17
0.9			0.1			5.13484e+17
0.9			0.15			4.92352e+17
0.9			0.2			4.71832e+17
0.9			0.25			4.5567e+17
0.9			0.3			4.45017e+17
0.9			0.35			4.39083e+17
0.9			0.4			4.36319e+17
0.9			0.45			4.353e+17
0.9			0.5			4.3503e+17
0.9			0.55			4.34758e+17
0.9			0.6			4.33438e+17
0.9			0.65			4.28863e+17
0.9			0.7			4.16641e+17
0.9			0.75			3.89664e+17
0.9			0.8			3.39226e+17
0.9			0.85			2.58526e+17
0.9			0.9			1.4732e+17
0.9			0.95			1.27973e+16
0.9			1			0

0.95			0.05			5.45448e+17
0.95			0.1			5.29655e+17
0.95			0.15			5.09026e+17
0.95			0.2			4.89008e+17
0.95			0.25			4.73259e+17
0.95			0.3			4.62893e+17
0.95			0.35			4.57134e+17
0.95			0.4			4.5446e+17
0.95			0.45			4.53469e+17
0.95			0.5			4.5316e+17
0.95			0.55			4.52739e+17
0.95			0.6			4.51071e+17
0.95			0.65			4.45819e+17
0.95			0.7			4.32475e+17
0.95			0.75			4.03909e+17
0.95			0.8			3.51611e+17
0.95			0.85			2.69505e+17
0.95			0.9			1.60199e+17
0.95			0.95			4.51499e+16
0.95			1			0

1			0.05			5.51394e+17
1			0.1			5.35742e+17
1			0.15			5.153e+17
1			0.2			4.9547e+17
1			0.25			4.79876e+17
1			0.3			4.69619e+17
1			0.35			4.63925e+17
1			0.4			4.61286e+17
1			0.45			4.60304e+17
1			0.5			4.5998e+17
1			0.55			4.59503e+17
1			0.6			4.57702e+17
1			0.65			4.52192e+17
1			0.7			4.3841e+17
1			0.75			4.09177e+17
1			0.8			3.55838e+17
1			0.85			2.71465e+17
1			0.9			1.53962e+17
1			0.95			0
1			1			48.9694

