0.05			0.05			2.54921e+12
0.05			0.1			2.43908e+12
0.05			0.15			2.30955e+12
0.05			0.2			2.20228e+12
0.05			0.25			2.13415e+12
0.05			0.3			2.10014e+12
0.05			0.35			2.08696e+12
0.05			0.4			2.08346e+12
0.05			0.45			2.08351e+12
0.05			0.5			2.08474e+12
0.05			0.55			2.08681e+12
0.05			0.6			2.09042e+12
0.05			0.65			2.09573e+12
0.05			0.7			2.09629e+12
0.05			0.75			2.06506e+12
0.05			0.8			1.93781e+12
0.05			0.85			1.61722e+12
0.05			0.9			1.02217e+12
0.05			0.95			1.49363e+11
0.05			1			0

0.1			0.05			2.4376e+12
0.1			0.1			2.32334e+12
0.1			0.15			2.18878e+12
0.1			0.2			2.07709e+12
0.1			0.25			2.00594e+12
0.1			0.3			1.97023e+12
0.1			0.35			1.95624e+12
0.1			0.4			1.95239e+12
0.1			0.45			1.95227e+12
0.1			0.5			1.95341e+12
0.1			0.55			1.95545e+12
0.1			0.6			1.95916e+12
0.1			0.65			1.9648e+12
0.1			0.7			1.96608e+12
0.1			0.75			1.93598e+12
0.1			0.8			1.81007e+12
0.1			0.85			1.49071e+12
0.1			0.9			8.98065e+11
0.1			0.95			4.99454e+10
0.1			1			0

0.15			0.05			2.30593e+12
0.15			0.1			2.18666e+12
0.15			0.15			2.04603e+12
0.15			0.2			1.9291e+12
0.15			0.25			1.85439e+12
0.15			0.3			1.81671e+12
0.15			0.35			1.8018e+12
0.15			0.4			1.79756e+12
0.15			0.45			1.79726e+12
0.15			0.5			1.79831e+12
0.15			0.55			1.80031e+12
0.15			0.6			1.80415e+12
0.15			0.65			1.81032e+12
0.15			0.7			1.81296e+12
0.15			0.75			1.78585e+12
0.15			0.8			1.66634e+12
0.15			0.85			1.361e+12
0.15			0.9			7.99509e+11
0.15			0.95			1.88218e+10
0.15			1			0

0.2			0.05			2.19618e+12
0.2			0.1			2.07257e+12
0.2			0.15			1.92674e+12
0.2			0.2			1.80538e+12
0.2			0.25			1.72773e+12
0.2			0.3			1.68847e+12
0.2			0.35			1.67285e+12
0.2			0.4			1.6683e+12
0.2			0.45			1.66787e+12
0.2			0.5			1.66883e+12
0.2			0.55			1.67081e+12
0.2			0.6			1.67476e+12
0.2			0.65			1.68144e+12
0.2			0.7			1.6855e+12
0.2			0.75			1.66184e+12
0.2			0.8			1.55007e+12
0.2			0.85			1.2613e+12
0.2			0.9			7.32677e+11
0.2			0.95			8.88967e+09
0.2			1			0

0.25			0.05			2.12546e+12
0.25			0.1			1.99892e+12
0.25			0.15			1.84964e+12
0.25			0.2			1.7254e+12
0.25			0.25			1.6459e+12
0.25			0.3			1.60568e+12
0.25			0.35			1.58965e+12
0.25			0.4			1.58494e+12
0.25			0.45			1.58442e+12
0.25			0.5			1.58533e+12
0.25			0.55			1.58728e+12
0.25			0.6			1.5913e+12
0.25			0.65			1.5983e+12
0.25			0.7			1.60337e+12
0.25			0.75			1.58228e+12
0.25			0.8			1.47637e+12
0.25			0.85			1.19986e+12
0.25			0.9			6.9399e+11
0.25			0.95			5.68338e+09
0.25			1			0

0.3			0.05			2.08883e+12
0.3			0.1			1.96072e+12
0.3			0.15			1.80963e+12
0.3			0.2			1.68392e+12
0.3			0.25			1.60351e+12
0.3			0.3			1.56285e+12
0.3			0.35			1.54664e+12
0.3			0.4			1.54185e+12
0.3			0.45			1.54131e+12
0.3			0.5			1.54219e+12
0.3			0.55			1.54412e+12
0.3			0.6			1.54816e+12
0.3			0.65			1.5553e+12
0.3			0.7			1.56089e+12
0.3			0.75			1.54118e+12
0.3			0.8			1.43854e+12
0.3			0.85			1.16877e+12
0.3			0.9			6.75021e+11
0.3			0.95			4.65134e+09
0.3			1			0

0.35			0.05			2.07305e+12
0.35			0.1			1.94428e+12
0.35			0.15			1.79244e+12
0.35			0.2			1.66615e+12
0.35			0.25			1.58541e+12
0.35			0.3			1.54461e+12
0.35			0.35			1.52833e+12
0.35			0.4			1.52353e+12
0.35			0.45			1.52297e+12
0.35			0.5			1.52384e+12
0.35			0.55			1.52577e+12
0.35			0.6			1.5298e+12
0.35			0.65			1.537e+12
0.35			0.7			1.54277e+12
0.35			0.75			1.52364e+12
0.35			0.8			1.4224e+12
0.35			0.85			1.15558e+12
0.35			0.9			6.671e+11
0.35			0.95			4.32639e+09
0.35			1			0

0.4			0.05			2.06695e+12
0.4			0.1			1.93798e+12
0.4			0.15			1.78593e+12
0.4			0.2			1.6595e+12
0.4			0.25			1.57869e+12
0.4			0.3			1.53786e+12
0.4			0.35			1.52158e+12
0.4			0.4			1.51677e+12
0.4			0.45			1.51621e+12
0.4			0.5			1.51707e+12
0.4			0.55			1.51899e+12
0.4			0.6			1.52303e+12
0.4			0.65			1.53023e+12
0.4			0.7			1.53605e+12
0.4			0.75			1.51711e+12
0.4			0.8			1.41637e+12
0.4			0.85			1.15067e+12
0.4			0.9			6.64167e+11
0.4			0.95			4.22777e+09
0.4			1			0

0.45			0.05			2.06437e+12
0.45			0.1			1.9354e+12
0.45			0.15			1.78336e+12
0.45			0.2			1.65695e+12
0.45			0.25			1.57615e+12
0.45			0.3			1.53534e+12
0.45			0.35			1.51906e+12
0.45			0.4			1.51426e+12
0.45			0.45			1.51369e+12
0.45			0.5			1.51456e+12
0.45			0.55			1.51648e+12
0.45			0.6			1.52051e+12
0.45			0.65			1.52771e+12
0.45			0.7			1.53354e+12
0.45			0.75			1.51465e+12
0.45			0.8			1.41408e+12
0.45			0.85			1.14879e+12
0.45			0.9			6.63053e+11
0.45			0.95			4.1979e+09
0.45			1			0

0.5			0.05			2.06284e+12
0.5			0.1			1.93394e+12
0.5			0.15			1.78198e+12
0.5			0.2			1.65563e+12
0.5			0.25			1.57489e+12
0.5			0.3			1.53409e+12
0.5			0.35			1.51783e+12
0.5			0.4			1.51303e+12
0.5			0.45			1.51246e+12
0.5			0.5			1.51332e+12
0.5			0.55			1.51524e+12
0.5			0.6			1.51927e+12
0.5			0.65			1.52647e+12
0.5			0.7			1.53229e+12
0.5			0.75			1.51342e+12
0.5			0.8			1.41292e+12
0.5			0.85			1.14783e+12
0.5			0.9			6.62477e+11
0.5			0.95			4.18587e+09
0.5			1			0

0.55			0.05			2.06178e+12
0.55			0.1			1.93298e+12
0.55			0.15			1.78113e+12
0.55			0.2			1.65487e+12
0.55			0.25			1.57418e+12
0.55			0.3			1.53341e+12
0.55			0.35			1.51716e+12
0.55			0.4			1.51236e+12
0.55			0.45			1.5118e+12
0.55			0.5			1.51266e+12
0.55			0.55			1.51458e+12
0.55			0.6			1.5186e+12
0.55			0.65			1.52579e+12
0.55			0.7			1.5316e+12
0.55			0.75			1.5127e+12
0.55			0.8			1.41219e+12
0.55			0.85			1.14716e+12
0.55			0.9			6.62055e+11
0.55			0.95			4.17596e+09
0.55			1			0

0.6			0.05			2.06177e+12
0.6			0.1			1.93313e+12
0.6			0.15			1.78146e+12
0.6			0.2			1.65534e+12
0.6			0.25			1.57473e+12
0.6			0.3			1.534e+12
0.6			0.35			1.51776e+12
0.6			0.4			1.51297e+12
0.6			0.45			1.5124e+12
0.6			0.5			1.51327e+12
0.6			0.55			1.51518e+12
0.6			0.6			1.5192e+12
0.6			0.65			1.52637e+12
0.6			0.7			1.53211e+12
0.6			0.75			1.51304e+12
0.6			0.8			1.41228e+12
0.6			0.85			1.14701e+12
0.6			0.9			6.61862e+11
0.6			0.95			4.17014e+09
0.6			1			0

0.65			0.05			2.06524e+12
0.65			0.1			1.93695e+12
0.65			0.15			1.78567e+12
0.65			0.2			1.65986e+12
0.65			0.25			1.57942e+12
0.65			0.3			1.53876e+12
0.65			0.35			1.52255e+12
0.65			0.4			1.51777e+12
0.65			0.45			1.51721e+12
0.65			0.5			1.51807e+12
0.65			0.55			1.51999e+12
0.65			0.6			1.52399e+12
0.65			0.65			1.53107e+12
0.65			0.7			1.53654e+12
0.65			0.75			1.51686e+12
0.65			0.8			1.41511e+12
0.65			0.85			1.14869e+12
0.65			0.9			6.62582e+11
0.65			0.95			4.20795e+09
0.65			1			0

0.7			0.05			2.07829e+12
0.7			0.1			1.95082e+12
0.7			0.15			1.80046e+12
0.7			0.2			1.67537e+12
0.7			0.25			1.59536e+12
0.7			0.3			1.5549e+12
0.7			0.35			1.53877e+12
0.7			0.4			1.53401e+12
0.7			0.45			1.53346e+12
0.7			0.5			1.53433e+12
0.7			0.55			1.53625e+12
0.7			0.6			1.54017e+12
0.7			0.65			1.54695e+12
0.7			0.7			1.55159e+12
0.7			0.75			1.53016e+12
0.7			0.8			1.42559e+12
0.7			0.85			1.15572e+12
0.7			0.9			6.66195e+11
0.7			0.95			4.46271e+09
0.7			1			0

0.75			0.05			2.11198e+12
0.75			0.1			1.98621e+12
0.75			0.15			1.83783e+12
0.75			0.2			1.71435e+12
0.75			0.25			1.63533e+12
0.75			0.3			1.59536e+12
0.75			0.35			1.57942e+12
0.75			0.4			1.57474e+12
0.75			0.45			1.57423e+12
0.75			0.5			1.57512e+12
0.75			0.55			1.577e+12
0.75			0.6			1.5807e+12
0.75			0.65			1.58669e+12
0.75			0.7			1.58928e+12
0.75			0.75			1.56372e+12
0.75			0.8			1.45271e+12
0.75			0.85			1.17487e+12
0.75			0.9			6.76846e+11
0.75			0.95			5.57388e+09
0.75			1			0

0.8			0.05			2.17946e+12
0.8			0.1			2.05673e+12
0.8			0.15			1.91194e+12
0.8			0.2			1.79145e+12
0.8			0.25			1.71435e+12
0.8			0.3			1.67537e+12
0.8			0.35			1.65986e+12
0.8			0.4			1.65535e+12
0.8			0.45			1.65492e+12
0.8			0.5			1.65583e+12
0.8			0.55			1.65762e+12
0.8			0.6			1.66081e+12
0.8			0.65			1.66514e+12
0.8			0.7			1.66365e+12
0.8			0.75			1.63025e+12
0.8			0.8			1.50733e+12
0.8			0.85			1.21494e+12
0.8			0.9			7.00953e+11
0.8			0.95			9.77201e+09
0.8			1			0

0.85			0.05			2.28573e+12
0.85			0.1			2.16742e+12
0.85			0.15			2.02792e+12
0.85			0.2			1.91194e+12
0.85			0.25			1.83783e+12
0.85			0.3			1.80046e+12
0.85			0.35			1.78567e+12
0.85			0.4			1.78146e+12
0.85			0.45			1.78116e+12
0.85			0.5			1.7821e+12
0.85			0.55			1.78369e+12
0.85			0.6			1.78598e+12
0.85			0.65			1.78756e+12
0.85			0.7			1.77962e+12
0.85			0.75			1.73428e+12
0.85			0.8			1.59388e+12
0.85			0.85			1.28098e+12
0.85			0.9			7.45487e+11
0.85			0.95			2.47303e+10
0.85			1			0

0.9			0.05			2.41405e+12
0.9			0.1			2.30079e+12
0.9			0.15			2.16742e+12
0.9			0.2			2.05673e+12
0.9			0.25			1.98621e+12
0.9			0.3			1.95082e+12
0.9			0.35			1.93695e+12
0.9			0.4			1.93313e+12
0.9			0.45			1.93299e+12
0.9			0.5			1.93396e+12
0.9			0.55			1.93527e+12
0.9			0.6			1.93636e+12
0.9			0.65			1.93446e+12
0.9			0.7			1.91865e+12
0.9			0.75			1.85917e+12
0.9			0.8			1.69886e+12
0.9			0.85			1.3649e+12
0.9			0.9			8.13747e+11
0.9			0.95			7.69137e+10
0.9			1			0

0.95			0.05			2.52314e+12
0.95			0.1			2.41405e+12
0.95			0.15			2.28573e+12
0.95			0.2			2.17946e+12
0.95			0.25			2.11198e+12
0.95			0.3			2.07829e+12
0.95			0.35			2.06524e+12
0.95			0.4			2.06177e+12
0.95			0.45			2.06177e+12
0.95			0.5			2.06276e+12
0.95			0.55			2.0638e+12
0.95			0.6			2.06379e+12
0.95			0.65			2.05882e+12
0.95			0.7			2.03617e+12
0.95			0.75			1.96454e+12
0.95			0.8			1.78739e+12
0.95			0.85			1.43761e+12
0.95			0.9			8.90569e+11
0.95			0.95			2.58268e+11
0.95			1			0

1			0.05			2.56642e+12
1			0.1			2.45894e+12
1			0.15			2.3326e+12
1			0.2			2.22807e+12
1			0.25			2.16179e+12
1			0.3			2.12879e+12
1			0.35			2.11607e+12
1			0.4			2.11274e+12
1			0.45			2.1128e+12
1			0.5			2.11379e+12
1			0.55			2.11471e+12
1			0.6			2.11425e+12
1			0.65			2.10802e+12
1			0.7			2.08254e+12
1			0.75			2.00561e+12
1			0.8			1.81962e+12
1			0.85			1.4531e+12
1			0.9			8.55539e+11
1			0.95			0
1			1			34.9781

