0.05			0.05			1.20946e+23
0.05			0.1			1.18377e+23
0.05			0.15			1.14829e+23
0.05			0.2			1.11081e+23
0.05			0.25			1.07777e+23
0.05			0.3			1.05266e+23
0.05			0.35			1.03599e+23
0.05			0.4			1.02633e+23
0.05			0.45			1.02148e+23
0.05			0.5			1.01907e+23
0.05			0.55			1.01643e+23
0.05			0.6			1.00951e+23
0.05			0.65			9.91425e+22
0.05			0.7			9.51306e+22
0.05			0.75			8.74894e+22
0.05			0.8			7.4796e+22
0.05			0.85			5.62363e+22
0.05			0.9			3.21447e+22
0.05			0.95			3.57906e+21
0.05			1			0

0.1			0.05			1.18324e+23
0.1			0.1			1.15714e+23
0.1			0.15			1.12106e+23
0.1			0.2			1.08296e+23
0.1			0.25			1.04934e+23
0.1			0.3			1.02377e+23
0.1			0.35			1.00678e+23
0.1			0.4			9.96929e+22
0.1			0.45			9.91971e+22
0.1			0.5			9.8954e+22
0.1			0.55			9.86957e+22
0.1			0.6			9.80216e+22
0.1			0.65			9.62497e+22
0.1			0.7			9.23035e+22
0.1			0.75			8.47625e+22
0.1			0.8			7.21883e+22
0.1			0.85			5.36968e+22
0.1			0.9			2.95045e+22
0.1			0.95			1.01688e+21
0.1			1			0

0.15			0.05			1.14694e+23
0.15			0.1			1.12025e+23
0.15			0.15			1.08336e+23
0.15			0.2			1.04437e+23
0.15			0.25			1.00996e+23
0.15			0.3			9.83759e+22
0.15			0.35			9.66329e+22
0.15			0.4			9.56203e+22
0.15			0.45			9.51104e+22
0.15			0.5			9.48644e+22
0.15			0.55			9.46154e+22
0.15			0.6			9.39693e+22
0.15			0.65			9.22574e+22
0.15			0.7			8.84251e+22
0.15			0.75			8.10825e+22
0.15			0.8			6.88272e+22
0.15			0.85			5.08208e+22
0.15			0.9			2.73866e+22
0.15			0.95			2.91101e+20
0.15			1			0

0.2			0.05			1.10843e+23
0.2			0.1			1.08112e+23
0.2			0.15			1.04335e+23
0.2			0.2			1.00343e+23
0.2			0.25			9.68172e+22
0.2			0.3			9.41307e+22
0.2			0.35			9.23415e+22
0.2			0.4			9.13004e+22
0.2			0.45			9.07761e+22
0.2			0.5			9.05276e+22
0.2			0.55			9.029e+22
0.2			0.6			8.96771e+22
0.2			0.65			8.8038e+22
0.2			0.7			8.43479e+22
0.2			0.75			7.72619e+22
0.2			0.8			6.54381e+22
0.2			0.85			4.81134e+22
0.2			0.9			2.57045e+22
0.2			0.95			8.42471e+19
0.2			1			0

0.25			0.05			1.07423e+23
0.25			0.1			1.04635e+23
0.25			0.15			1.00781e+23
0.25			0.2			9.67047e+22
0.25			0.25			9.31042e+22
0.25			0.3			9.03591e+22
0.25			0.35			8.85294e+22
0.25			0.4			8.74634e+22
0.25			0.45			8.69268e+22
0.25			0.5			8.66767e+22
0.25			0.55			8.64502e+22
0.25			0.6			8.58699e+22
0.25			0.65			8.43021e+22
0.25			0.7			8.07528e+22
0.25			0.75			7.39227e+22
0.25			0.8			6.25294e+22
0.25			0.85			4.5873e+22
0.25			0.9			2.44176e+22
0.25			0.95			2.48446e+19
0.25			1			0

0.3			0.05			1.04788e+23
0.3			0.1			1.01956e+23
0.3			0.15			9.80414e+22
0.3			0.2			9.3901e+22
0.3			0.25			9.02431e+22
0.3			0.3			8.74534e+22
0.3			0.35			8.55931e+22
0.3			0.4			8.45087e+22
0.3			0.45			8.39631e+22
0.3			0.5			8.3712e+22
0.3			0.55			8.34949e+22
0.3			0.6			8.29411e+22
0.3			0.65			8.14322e+22
0.3			0.7			7.79992e+22
0.3			0.75			7.13805e+22
0.3			0.8			6.03394e+22
0.3			0.85			4.42194e+22
0.3			0.9			2.35016e+22
0.3			0.95			7.62671e+18
0.3			1			0

0.35			0.05			1.02994e+23
0.35			0.1			1.00133e+23
0.35			0.15			9.61776e+22
0.35			0.2			9.19941e+22
0.35			0.25			8.82978e+22
0.35			0.3			8.54787e+22
0.35			0.35			8.35984e+22
0.35			0.4			8.2502e+22
0.35			0.45			8.19506e+22
0.35			0.5			8.16992e+22
0.35			0.55			8.14886e+22
0.35			0.6			8.09535e+22
0.35			0.65			7.94859e+22
0.35			0.7			7.61355e+22
0.35			0.75			6.96663e+22
0.35			0.8			5.88729e+22
0.35			0.85			4.31242e+22
0.35			0.9			2.29054e+22
0.35			0.95			2.5803e+18
0.35			1			0

0.4			0.05			1.01908e+23
0.4			0.1			9.90298e+22
0.4			0.15			9.50502e+22
0.4			0.2			9.08417e+22
0.4			0.25			8.71235e+22
0.4			0.3			8.42876e+22
0.4			0.35			8.23961e+22
0.4			0.4			8.12931e+22
0.4			0.45			8.07384e+22
0.4			0.5			8.04869e+22
0.4			0.55			8.02801e+22
0.4			0.6			7.97561e+22
0.4			0.65			7.83137e+22
0.4			0.7			7.50136e+22
0.4			0.75			6.86363e+22
0.4			0.8			5.79948e+22
0.4			0.85			4.24722e+22
0.4			0.9			2.25537e+22
0.4			0.95			1.08553e+18
0.4			1			0

0.45			0.05			1.01333e+23
0.45			0.1			9.84476e+22
0.45			0.15			9.44571e+22
0.45			0.2			9.02371e+22
0.45			0.25			8.6509e+22
0.45			0.3			8.36656e+22
0.45			0.35			8.17691e+22
0.45			0.4			8.06632e+22
0.45			0.45			8.01071e+22
0.45			0.5			7.98554e+22
0.45			0.55			7.96503e+22
0.45			0.6			7.91314e+22
0.45			0.65			7.7701e+22
0.45			0.7			7.4426e+22
0.45			0.75			6.80959e+22
0.45			0.8			5.75337e+22
0.45			0.85			4.21302e+22
0.45			0.9			2.23697e+22
0.45			0.95			6.51942e+17
0.45			1			0

0.5			0.05			1.01118e+23
0.5			0.1			9.82308e+22
0.5			0.15			9.42388e+22
0.5			0.2			9.00172e+22
0.5			0.25			8.62876e+22
0.5			0.3			8.34433e+22
0.5			0.35			8.15461e+22
0.5			0.4			8.04397e+22
0.5			0.45			7.98833e+22
0.5			0.5			7.96313e+22
0.5			0.55			7.94257e+22
0.5			0.6			7.89067e+22
0.5			0.65			7.74776e+22
0.5			0.7			7.4208e+22
0.5			0.75			6.78914e+22
0.5			0.8			5.7356e+22
0.5			0.85			4.19965e+22
0.5			0.9			2.22973e+22
0.5			0.95			5.81486e+17
0.5			1			0

0.55			0.05			1.01204e+23
0.55			0.1			9.83213e+22
0.55			0.15			9.43356e+22
0.55			0.2			9.01208e+22
0.55			0.25			8.63972e+22
0.55			0.3			8.35573e+22
0.55			0.35			8.1663e+22
0.55			0.4			8.05581e+22
0.55			0.45			8.00021e+22
0.55			0.5			7.9749e+22
0.55			0.55			7.95404e+22
0.55			0.6			7.90152e+22
0.55			0.65			7.7576e+22
0.55			0.7			7.4292e+22
0.55			0.75			6.79576e+22
0.55			0.8			5.74033e+22
0.55			0.85			4.20263e+22
0.55			0.9			2.23116e+22
0.55			0.95			7.80973e+17
0.55			1			0

0.6			0.05			1.01646e+23
0.6			0.1			9.87751e+22
0.6			0.15			9.48052e+22
0.6			0.2			9.06068e+22
0.6			0.25			8.68975e+22
0.6			0.3			8.40685e+22
0.6			0.35			8.21813e+22
0.6			0.4			8.10802e+22
0.6			0.45			8.0525e+22
0.6			0.5			8.02694e+22
0.6			0.55			8.00534e+22
0.6			0.6			7.9513e+22
0.6			0.65			7.80472e+22
0.6			0.7			7.4722e+22
0.6			0.75			6.83303e+22
0.6			0.8			5.77028e+22
0.6			0.85			4.22379e+22
0.6			0.9			2.24225e+22
0.6			0.95			1.62408e+18
0.6			1			0

0.65			0.05			1.02597e+23
0.65			0.1			9.97464e+22
0.65			0.15			9.58047e+22
0.65			0.2			9.16361e+22
0.65			0.25			8.79531e+22
0.65			0.3			8.5144e+22
0.65			0.35			8.32699e+22
0.65			0.4			8.21759e+22
0.65			0.45			8.16221e+22
0.65			0.5			8.13614e+22
0.65			0.55			8.11307e+22
0.65			0.6			8.05605e+22
0.65			0.65			7.90428e+22
0.65			0.7			7.5637e+22
0.65			0.75			6.91314e+22
0.65			0.8			5.83547e+22
0.65			0.85			4.27051e+22
0.65			0.9			2.2671e+22
0.65			0.95			4.64069e+18
0.65			1			0

0.7			0.05			1.0425e+23
0.7			0.1			1.01432e+23
0.7			0.15			9.75351e+22
0.7			0.2			9.34142e+22
0.7			0.25			8.97734e+22
0.7			0.3			8.69965e+22
0.7			0.35			8.51439e+22
0.7			0.4			8.40613e+22
0.7			0.45			8.35097e+22
0.7			0.5			8.32401e+22
0.7			0.55			8.2984e+22
0.7			0.6			8.23633e+22
0.7			0.65			8.07584e+22
0.7			0.7			7.72181e+22
0.7			0.75			7.05226e+22
0.7			0.8			5.94963e+22
0.7			0.85			4.35339e+22
0.7			0.9			2.31207e+22
0.7			0.95			1.53123e+19
0.7			1			0

0.75			0.05			1.0674e+23
0.75			0.1			1.03969e+23
0.75			0.15			1.00136e+23
0.75			0.2			9.60835e+22
0.75			0.25			9.25035e+22
0.75			0.3			8.97736e+22
0.75			0.35			8.79524e+22
0.75			0.4			8.68867e+22
0.75			0.45			8.63379e+22
0.75			0.5			8.60544e+22
0.75			0.55			8.57601e+22
0.75			0.6			8.50637e+22
0.75			0.65			8.33302e+22
0.75			0.7			7.95933e+22
0.75			0.75			7.2623e+22
0.75			0.8			6.1237e+22
0.75			0.85			4.48216e+22
0.75			0.9			2.38453e+22
0.75			0.95			5.31426e+19
0.75			1			0

0.8			0.05			1.10016e+23
0.8			0.1			1.07303e+23
0.8			0.15			1.03552e+23
0.8			0.2			9.95857e+22
0.8			0.25			9.60836e+22
0.8			0.3			9.34141e+22
0.8			0.35			9.16335e+22
0.8			0.4			9.05897e+22
0.8			0.45			9.00443e+22
0.8			0.5			8.97421e+22
0.8			0.55			8.9397e+22
0.8			0.6			8.86018e+22
0.8			0.65			8.6702e+22
0.8			0.7			8.27144e+22
0.8			0.75			7.5399e+22
0.8			0.8			6.35692e+22
0.8			0.85			4.66003e+22
0.8			0.9			2.492e+22
0.8			0.95			1.87715e+20
0.8			1			0

0.85			0.05			1.13732e+23
0.85			0.1			1.11083e+23
0.85			0.15			1.07421e+23
0.85			0.2			1.03552e+23
0.85			0.25			1.00136e+23
0.85			0.3			9.75344e+22
0.85			0.35			9.57995e+22
0.85			0.4			9.47802e+22
0.85			0.45			9.42384e+22
0.85			0.5			9.39146e+22
0.85			0.55			9.35115e+22
0.85			0.6			9.26046e+22
0.85			0.65			9.05192e+22
0.85			0.7			8.62562e+22
0.85			0.75			7.85713e+22
0.85			0.8			6.62852e+22
0.85			0.85			4.87788e+22
0.85			0.9			2.64331e+22
0.85			0.95			6.68059e+20
0.85			1			0

0.9			0.05			1.1725e+23
0.9			0.1			1.14661e+23
0.9			0.15			1.11083e+23
0.9			0.2			1.07303e+23
0.9			0.25			1.03968e+23
0.9			0.3			1.0143e+23
0.9			0.35			9.97384e+22
0.9			0.4			9.87423e+22
0.9			0.45			9.82037e+22
0.9			0.5			9.7859e+22
0.9			0.55			9.74008e+22
0.9			0.6			9.63882e+22
0.9			0.65			9.41293e+22
0.9			0.7			8.96133e+22
0.9			0.75			8.15993e+22
0.9			0.8			6.89377e+22
0.9			0.85			5.10751e+22
0.9			0.9			2.84843e+22
0.9			0.95			2.38789e+21
0.9			1			0

0.95			0.05			1.19796e+23
0.95			0.1			1.1725e+23
0.95			0.15			1.13732e+23
0.95			0.2			1.10016e+23
0.95			0.25			1.0674e+23
0.95			0.3			1.04247e+23
0.95			0.35			1.02587e+23
0.95			0.4			1.01607e+23
0.95			0.45			1.01071e+23
0.95			0.5			1.00711e+23
0.95			0.55			1.00212e+23
0.95			0.6			9.91234e+22
0.95			0.65			9.67396e+22
0.95			0.7			9.20426e+22
0.95			0.75			8.37971e+22
0.95			0.8			7.08871e+22
0.95			0.85			5.28808e+22
0.95			0.9			3.07835e+22
0.95			0.95			8.5624e+21
0.95			1			0

1			0.05			1.20728e+23
1			0.1			1.18197e+23
1			0.15			1.14701e+23
1			0.2			1.11009e+23
1			0.25			1.07754e+23
1			0.3			1.05278e+23
1			0.35			1.03629e+23
1			0.4			1.02656e+23
1			0.45			1.0212e+23
1			0.5			1.01754e+23
1			0.55			1.01241e+23
1			0.6			1.00124e+23
1			0.65			9.7694e+22
1			0.7			9.29286e+22
1			0.75			8.45867e+22
1			0.8			7.15243e+22
1			0.85			5.31451e+22
1			0.9			2.95589e+22
1			0.95			0
1			1			62.9606

