0.05			0.05			4.41741e+11
0.05			0.1			4.21306e+11
0.05			0.15			3.97815e+11
0.05			0.2			3.79022e+11
0.05			0.25			3.67637e+11
0.05			0.3			3.62295e+11
0.05			0.35			3.60396e+11
0.05			0.4			3.59975e+11
0.05			0.45			3.60047e+11
0.05			0.5			3.60265e+11
0.05			0.55			3.60594e+11
0.05			0.6			3.61182e+11
0.05			0.65			3.62201e+11
0.05			0.7			3.62982e+11
0.05			0.75			3.5952e+11
0.05			0.8			3.40838e+11
0.05			0.85			2.88523e+11
0.05			0.9			1.85319e+11
0.05			0.95			2.83779e+10
0.05			1			0

0.1			0.05			4.21042e+11
0.1			0.1			3.99775e+11
0.1			0.15			3.75289e+11
0.1			0.2			3.55651e+11
0.1			0.25			3.43707e+11
0.1			0.3			3.38064e+11
0.1			0.35			3.36029e+11
0.1			0.4			3.35551e+11
0.1			0.45			3.35596e+11
0.1			0.5			3.35799e+11
0.1			0.55			3.36121e+11
0.1			0.6			3.36721e+11
0.1			0.65			3.37795e+11
0.1			0.7			3.38701e+11
0.1			0.75			3.35429e+11
0.1			0.8			3.16947e+11
0.1			0.85			2.64764e+11
0.1			0.9			1.61945e+11
0.1			0.95			9.80364e+09
0.1			1			0

0.15			0.05			3.97173e+11
0.15			0.1			3.74917e+11
0.15			0.15			3.49258e+11
0.15			0.2			3.28634e+11
0.15			0.25			3.16049e+11
0.15			0.3			3.10069e+11
0.15			0.35			3.07885e+11
0.15			0.4			3.07345e+11
0.15			0.45			3.07362e+11
0.15			0.5			3.07546e+11
0.15			0.55			3.0786e+11
0.15			0.6			3.08477e+11
0.15			0.65			3.09635e+11
0.15			0.7			3.10767e+11
0.15			0.75			3.08003e+11
0.15			0.8			2.90608e+11
0.15			0.85			2.40845e+11
0.15			0.9			1.43599e+11
0.15			0.95			3.9172e+09
0.15			1			0

0.2			0.05			3.77948e+11
0.2			0.1			3.54859e+11
0.2			0.15			3.28224e+11
0.2			0.2			3.06797e+11
0.2			0.25			2.93702e+11
0.2			0.3			2.87463e+11
0.2			0.35			2.85169e+11
0.2			0.4			2.84585e+11
0.2			0.45			2.8458e+11
0.2			0.5			2.84751e+11
0.2			0.55			2.85057e+11
0.2			0.6			2.85687e+11
0.2			0.65			2.86919e+11
0.2			0.7			2.88276e+11
0.2			0.75			2.86075e+11
0.2			0.8			2.69964e+11
0.2			0.85			2.23008e+11
0.2			0.9			1.31494e+11
0.2			0.95			2.0197e+09
0.2			1			0

0.25			0.05			3.66112e+11
0.25			0.1			3.42484e+11
0.25			0.15			3.15228e+11
0.25			0.2			2.93303e+11
0.25			0.25			2.79904e+11
0.25			0.3			2.73519e+11
0.25			0.35			2.71165e+11
0.25			0.4			2.70558e+11
0.25			0.45			2.70542e+11
0.25			0.5			2.70703e+11
0.25			0.55			2.71004e+11
0.25			0.6			2.71639e+11
0.25			0.65			2.72914e+11
0.25			0.7			2.7442e+11
0.25			0.75			2.72614e+11
0.25			0.8			2.57432e+11
0.25			0.85			2.12468e+11
0.25			0.9			1.24765e+11
0.25			0.95			1.40466e+09
0.25			1			0

0.3			0.05			3.60318e+11
0.3			0.1			3.36414e+11
0.3			0.15			3.0885e+11
0.3			0.2			2.86686e+11
0.3			0.25			2.73149e+11
0.3			0.3			2.66702e+11
0.3			0.35			2.64325e+11
0.3			0.4			2.63709e+11
0.3			0.45			2.63687e+11
0.3			0.5			2.63845e+11
0.3			0.55			2.64142e+11
0.3			0.6			2.64778e+11
0.3			0.65			2.6607e+11
0.3			0.7			2.67644e+11
0.3			0.75			2.66035e+11
0.3			0.8			2.51337e+11
0.3			0.85			2.0741e+11
0.3			0.9			1.21634e+11
0.3			0.95			1.20791e+09
0.3			1			0

0.35			0.05			3.57969e+11
0.35			0.1			3.33958e+11
0.35			0.15			3.06276e+11
0.35			0.2			2.84028e+11
0.35			0.25			2.70445e+11
0.35			0.3			2.6398e+11
0.35			0.35			2.61597e+11
0.35			0.4			2.60979e+11
0.35			0.45			2.60955e+11
0.35			0.5			2.61111e+11
0.35			0.55			2.61406e+11
0.35			0.6			2.62041e+11
0.35			0.65			2.63338e+11
0.35			0.7			2.64934e+11
0.35			0.75			2.63399e+11
0.35			0.8			2.48894e+11
0.35			0.85			2.05392e+11
0.35			0.9			1.20402e+11
0.35			0.95			1.14715e+09
0.35			1			0

0.4			0.05			3.57099e+11
0.4			0.1			3.3306e+11
0.4			0.15			3.05351e+11
0.4			0.2			2.83086e+11
0.4			0.25			2.69497e+11
0.4			0.3			2.63029e+11
0.4			0.35			2.60646e+11
0.4			0.4			2.60028e+11
0.4			0.45			2.60004e+11
0.4			0.5			2.60159e+11
0.4			0.55			2.60454e+11
0.4			0.6			2.61088e+11
0.4			0.65			2.62385e+11
0.4			0.7			2.63985e+11
0.4			0.75			2.62471e+11
0.4			0.8			2.4803e+11
0.4			0.85			2.04677e+11
0.4			0.9			1.19968e+11
0.4			0.95			1.12929e+09
0.4			1			0

0.45			0.05			3.56719e+11
0.45			0.1			3.32683e+11
0.45			0.15			3.0498e+11
0.45			0.2			2.82721e+11
0.45			0.25			2.69138e+11
0.45			0.3			2.62673e+11
0.45			0.35			2.60291e+11
0.45			0.4			2.59673e+11
0.45			0.45			2.59649e+11
0.45			0.5			2.59804e+11
0.45			0.55			2.60098e+11
0.45			0.6			2.60732e+11
0.45			0.65			2.62028e+11
0.45			0.7			2.63629e+11
0.45			0.75			2.6212e+11
0.45			0.8			2.47699e+11
0.45			0.85			2.04403e+11
0.45			0.9			1.19803e+11
0.45			0.95			1.124e+09
0.45			1			0

0.5			0.05			3.56471e+11
0.5			0.1			3.32448e+11
0.5			0.15			3.0476e+11
0.5			0.2			2.82514e+11
0.5			0.25			2.68938e+11
0.5			0.3			2.62477e+11
0.5			0.35			2.60097e+11
0.5			0.4			2.59479e+11
0.5			0.45			2.59455e+11
0.5			0.5			2.5961e+11
0.5			0.55			2.59904e+11
0.5			0.6			2.60538e+11
0.5			0.65			2.61833e+11
0.5			0.7			2.63432e+11
0.5			0.75			2.61924e+11
0.5			0.8			2.47513e+11
0.5			0.85			2.04246e+11
0.5			0.9			1.19709e+11
0.5			0.95			1.12166e+09
0.5			1			0

0.55			0.05			3.56273e+11
0.55			0.1			3.32267e+11
0.55			0.15			3.04599e+11
0.55			0.2			2.82368e+11
0.55			0.25			2.68801e+11
0.55			0.3			2.62345e+11
0.55			0.35			2.59966e+11
0.55			0.4			2.59348e+11
0.55			0.45			2.59324e+11
0.55			0.5			2.59479e+11
0.55			0.55			2.59773e+11
0.55			0.6			2.60406e+11
0.55			0.65			2.617e+11
0.55			0.7			2.63298e+11
0.55			0.75			2.61786e+11
0.55			0.8			2.47375e+11
0.55			0.85			2.04123e+11
0.55			0.9			1.1963e+11
0.55			0.95			1.11914e+09
0.55			1			0

0.6			0.05			3.56205e+11
0.6			0.1			3.32226e+11
0.6			0.15			3.04587e+11
0.6			0.2			2.82377e+11
0.6			0.25			2.68822e+11
0.6			0.3			2.62371e+11
0.6			0.35			2.59993e+11
0.6			0.4			2.59376e+11
0.6			0.45			2.59353e+11
0.6			0.5			2.59507e+11
0.6			0.55			2.59801e+11
0.6			0.6			2.60434e+11
0.6			0.65			2.61726e+11
0.6			0.7			2.63315e+11
0.6			0.75			2.61784e+11
0.6			0.8			2.4734e+11
0.6			0.85			2.04058e+11
0.6			0.9			1.19572e+11
0.6			0.95			1.11602e+09
0.6			1			0

0.65			0.05			3.56623e+11
0.65			0.1			3.32701e+11
0.65			0.15			3.05123e+11
0.65			0.2			2.82957e+11
0.65			0.25			2.69425e+11
0.65			0.3			2.62984e+11
0.65			0.35			2.6061e+11
0.65			0.4			2.59994e+11
0.65			0.45			2.5997e+11
0.65			0.5			2.60126e+11
0.65			0.55			2.60419e+11
0.65			0.6			2.61051e+11
0.65			0.65			2.62333e+11
0.65			0.7			2.6389e+11
0.65			0.75			2.62278e+11
0.65			0.8			2.4769e+11
0.65			0.85			2.04238e+11
0.65			0.9			1.19628e+11
0.65			0.95			1.11796e+09
0.65			1			0

0.7			0.05			3.58504e+11
0.7			0.1			3.34718e+11
0.7			0.15			3.07289e+11
0.7			0.2			2.85235e+11
0.7			0.25			2.71765e+11
0.7			0.3			2.65349e+11
0.7			0.35			2.62984e+11
0.7			0.4			2.62371e+11
0.7			0.45			2.6235e+11
0.7			0.5			2.62506e+11
0.7			0.55			2.628e+11
0.7			0.6			2.63424e+11
0.7			0.65			2.64673e+11
0.7			0.7			2.66119e+11
0.7			0.75			2.64249e+11
0.7			0.8			2.49223e+11
0.7			0.85			2.05227e+11
0.7			0.9			1.20109e+11
0.7			0.95			1.15423e+09
0.7			1			0

0.75			0.05			3.63795e+11
0.75			0.1			3.40309e+11
0.75			0.15			3.1322e+11
0.75			0.2			2.91428e+11
0.75			0.25			2.78111e+11
0.75			0.3			2.71765e+11
0.75			0.35			2.69425e+11
0.75			0.4			2.68822e+11
0.75			0.45			2.68806e+11
0.75			0.5			2.68966e+11
0.75			0.55			2.69258e+11
0.75			0.6			2.69858e+11
0.75			0.65			2.71004e+11
0.75			0.7			2.72151e+11
0.75			0.75			2.69633e+11
0.75			0.8			2.53543e+11
0.75			0.85			2.08215e+11
0.75			0.9			1.21736e+11
0.75			0.95			1.33862e+09
0.75			1			0

0.8			0.05			3.75071e+11
0.8			0.1			3.52147e+11
0.8			0.15			3.25703e+11
0.8			0.2			3.04429e+11
0.8			0.25			2.91428e+11
0.8			0.3			2.85235e+11
0.8			0.35			2.82957e+11
0.8			0.4			2.82377e+11
0.8			0.45			2.82372e+11
0.8			0.5			2.82538e+11
0.8			0.55			2.82823e+11
0.8			0.6			2.83359e+11
0.8			0.65			2.84268e+11
0.8			0.7			2.8478e+11
0.8			0.75			2.80954e+11
0.8			0.8			2.62793e+11
0.8			0.85			2.14906e+11
0.8			0.9			1.25719e+11
0.8			0.95			2.0737e+09
0.8			1			0

0.85			0.05			3.93686e+11
0.85			0.1			3.71609e+11
0.85			0.15			3.46158e+11
0.85			0.2			3.25703e+11
0.85			0.25			3.1322e+11
0.85			0.3			3.07289e+11
0.85			0.35			3.05123e+11
0.85			0.4			3.04587e+11
0.85			0.45			3.04602e+11
0.85			0.5			3.04777e+11
0.85			0.55			3.05042e+11
0.85			0.6			3.05455e+11
0.85			0.65			3.05945e+11
0.85			0.7			3.05395e+11
0.85			0.75			2.99482e+11
0.85			0.8			2.78136e+11
0.85			0.85			2.26473e+11
0.85			0.9			1.33451e+11
0.85			0.95			4.74371e+09
0.85			1			0

0.9			0.05			4.16956e+11
0.9			0.1			3.95878e+11
0.9			0.15			3.71609e+11
0.9			0.2			3.52147e+11
0.9			0.25			3.40309e+11
0.9			0.3			3.34718e+11
0.9			0.35			3.32701e+11
0.9			0.4			3.32226e+11
0.9			0.45			3.32269e+11
0.9			0.5			3.32453e+11
0.9			0.55			3.32684e+11
0.9			0.6			3.32923e+11
0.9			0.65			3.32858e+11
0.9			0.7			3.30957e+11
0.9			0.75			3.22476e+11
0.9			0.8			2.97365e+11
0.9			0.85			2.41633e+11
0.9			0.9			1.4563e+11
0.9			0.95			1.41012e+10
0.9			1			0

0.95			0.05			4.37198e+11
0.95			0.1			4.16956e+11
0.95			0.15			3.93686e+11
0.95			0.2			3.75071e+11
0.95			0.25			3.63795e+11
0.95			0.3			3.58504e+11
0.95			0.35			3.56623e+11
0.95			0.4			3.56205e+11
0.95			0.45			3.56272e+11
0.95			0.5			3.56463e+11
0.95			0.55			3.5666e+11
0.95			0.6			3.56734e+11
0.95			0.65			3.56161e+11
0.95			0.7			3.53052e+11
0.95			0.75			3.42306e+11
0.95			0.8			3.13923e+11
0.95			0.85			2.54995e+11
0.95			0.9			1.59448e+11
0.95			0.95			4.65781e+10
0.95			1			0

1			0.05			4.4532e+11
1			0.1			4.25406e+11
1			0.15			4.02531e+11
1			0.2			3.84253e+11
1			0.25			3.73201e+11
1			0.3			3.68032e+11
1			0.35			3.66208e+11
1			0.4			3.65813e+11
1			0.45			3.6589e+11
1			0.5			3.66083e+11
1			0.55			3.66265e+11
1			0.6			3.6627e+11
1			0.65			3.65484e+11
1			0.7			3.61867e+11
1			0.75			3.50123e+11
1			0.8			3.20032e+11
1			0.85			2.57912e+11
1			0.9			1.531e+11
1			0.95			0
1			1			32.9794

