0.05			0.05			1971.77
0.05			0.1			1690.89
0.05			0.15			1569.97
0.05			0.2			1548.96
0.05			0.25			1547.93
0.05			0.3			1548.9
0.05			0.35			1549.86
0.05			0.4			1550.83
0.05			0.45			1551.8
0.05			0.5			1552.77
0.05			0.55			1553.74
0.05			0.6			1554.71
0.05			0.65			1555.69
0.05			0.7			1556.66
0.05			0.75			1559.65
0.05			0.8			1580.83
0.05			0.85			1670.67
0.05			0.9			1701.78
0.05			0.95			878.019
0.05			1			0

0.1			0.05			1689
0.1			0.1			1360.15
0.1			0.15			1211.11
0.1			0.2			1181.9
0.1			0.25			1180.64
0.1			0.3			1181.37
0.1			0.35			1182.11
0.1			0.4			1182.85
0.1			0.45			1183.59
0.1			0.5			1184.33
0.1			0.55			1185.07
0.1			0.6			1185.81
0.1			0.65			1186.55
0.1			0.7			1187.3
0.1			0.75			1190.06
0.1			0.8			1219.07
0.1			0.85			1334.9
0.1			0.9			1402.16
0.1			0.95			637.225
0.1			1			0

0.15			0.05			1566.07
0.15			0.1			1209.38
0.15			0.15			1048.35
0.15			0.2			1019.04
0.15			0.25			1017.69
0.15			0.3			1018.32
0.15			0.35			1018.96
0.15			0.4			1019.6
0.15			0.45			1020.23
0.15			0.5			1020.87
0.15			0.55			1021.51
0.15			0.6			1022.15
0.15			0.65			1022.79
0.15			0.7			1023.43
0.15			0.75			1026.08
0.15			0.8			1054.98
0.15			0.85			1182.76
0.15			0.9			1284.23
0.15			0.95			582.309
0.15			1			0

0.2			0.05			1543.12
0.2			0.1			1178.63
0.2			0.15			1017.68
0.2			0.2			988.383
0.2			0.25			987.005
0.2			0.3			987.622
0.2			0.35			988.239
0.2			0.4			988.857
0.2			0.45			989.476
0.2			0.5			990.094
0.2			0.55			990.713
0.2			0.6			991.333
0.2			0.65			991.952
0.2			0.7			992.572
0.2			0.75			995.21
0.2			0.8			1024.07
0.2			0.85			1151.75
0.2			0.9			1261.22
0.2			0.95			575.887
0.2			1			0

0.25			0.05			1540.15
0.25			0.1			1175.9
0.25			0.15			1015.05
0.25			0.2			985.763
0.25			0.25			984.385
0.25			0.3			985.001
0.25			0.35			985.616
0.25			0.4			986.233
0.25			0.45			986.849
0.25			0.5			987.466
0.25			0.55			988.084
0.25			0.6			988.701
0.25			0.65			989.319
0.25			0.7			989.938
0.25			0.75			992.572
0.25			0.8			1021.41
0.25			0.85			1149.01
0.25			0.9			1258.41
0.25			0.95			575.527
0.25			1			0

0.3			0.05			1539.19
0.3			0.1			1175.16
0.3			0.15			1014.41
0.3			0.2			985.147
0.3			0.25			983.77
0.3			0.3			984.385
0.3			0.35			985.001
0.3			0.4			985.616
0.3			0.45			986.233
0.3			0.5			986.849
0.3			0.55			987.466
0.3			0.6			988.084
0.3			0.65			988.701
0.3			0.7			989.319
0.3			0.75			991.952
0.3			0.8			1020.77
0.3			0.85			1148.29
0.3			0.9			1257.63
0.3			0.95			575.167
0.3			1			0

0.35			0.05			1538.23
0.35			0.1			1174.43
0.35			0.15			1013.78
0.35			0.2			984.532
0.35			0.25			983.155
0.35			0.3			983.77
0.35			0.35			984.385
0.35			0.4			985.001
0.35			0.45			985.616
0.35			0.5			986.233
0.35			0.55			986.849
0.35			0.6			987.466
0.35			0.65			988.084
0.35			0.7			988.701
0.35			0.75			991.333
0.35			0.8			1020.13
0.35			0.85			1147.57
0.35			0.9			1256.84
0.35			0.95			574.808
0.35			1			0

0.4			0.05			1537.27
0.4			0.1			1173.69
0.4			0.15			1013.15
0.4			0.2			983.917
0.4			0.25			982.541
0.4			0.3			983.155
0.4			0.35			983.77
0.4			0.4			984.385
0.4			0.45			985.001
0.4			0.5			985.616
0.4			0.55			986.233
0.4			0.6			986.849
0.4			0.65			987.466
0.4			0.7			988.084
0.4			0.75			990.713
0.4			0.8			1019.5
0.4			0.85			1146.86
0.4			0.9			1256.06
0.4			0.95			574.449
0.4			1			0

0.45			0.05			1536.31
0.45			0.1			1172.96
0.45			0.15			1012.51
0.45			0.2			983.302
0.45			0.25			981.927
0.45			0.3			982.541
0.45			0.35			983.155
0.45			0.4			983.77
0.45			0.45			984.385
0.45			0.5			985.001
0.45			0.55			985.616
0.45			0.6			986.233
0.45			0.65			986.849
0.45			0.7			987.466
0.45			0.75			990.094
0.45			0.8			1018.86
0.45			0.85			1146.14
0.45			0.9			1255.27
0.45			0.95			574.09
0.45			1			0

0.5			0.05			1535.35
0.5			0.1			1172.23
0.5			0.15			1011.88
0.5			0.2			982.688
0.5			0.25			981.314
0.5			0.3			981.927
0.5			0.35			982.541
0.5			0.4			983.155
0.5			0.45			983.77
0.5			0.5			984.385
0.5			0.55			985.001
0.5			0.6			985.616
0.5			0.65			986.233
0.5			0.7			986.849
0.5			0.75			989.476
0.5			0.8			1018.22
0.5			0.85			1145.42
0.5			0.9			1254.49
0.5			0.95			573.731
0.5			1			0

0.55			0.05			1534.39
0.55			0.1			1171.5
0.55			0.15			1011.25
0.55			0.2			982.074
0.55			0.25			980.701
0.55			0.3			981.314
0.55			0.35			981.927
0.55			0.4			982.541
0.55			0.45			983.155
0.55			0.5			983.77
0.55			0.55			984.385
0.55			0.6			985.001
0.55			0.65			985.616
0.55			0.7			986.233
0.55			0.75			988.857
0.55			0.8			1017.59
0.55			0.85			1144.71
0.55			0.9			1253.7
0.55			0.95			573.373
0.55			1			0

0.6			0.05			1533.43
0.6			0.1			1170.76
0.6			0.15			1010.62
0.6			0.2			981.46
0.6			0.25			980.088
0.6			0.3			980.701
0.6			0.35			981.314
0.6			0.4			981.927
0.6			0.45			982.541
0.6			0.5			983.155
0.6			0.55			983.77
0.6			0.6			984.385
0.6			0.65			985.001
0.6			0.7			985.616
0.6			0.75			988.239
0.6			0.8			1016.95
0.6			0.85			1143.99
0.6			0.9			1252.92
0.6			0.95			573.014
0.6			1			0

0.65			0.05			1532.47
0.65			0.1			1170.03
0.65			0.15			1009.98
0.65			0.2			980.847
0.65			0.25			979.475
0.65			0.3			980.088
0.65			0.35			980.701
0.65			0.4			981.314
0.65			0.45			981.927
0.65			0.5			982.541
0.65			0.55			983.155
0.65			0.6			983.77
0.65			0.65			984.385
0.65			0.7			985.001
0.65			0.75			987.622
0.65			0.8			1016.32
0.65			0.85			1143.28
0.65			0.9			1252.14
0.65			0.95			572.656
0.65			1			0

0.7			0.05			1531.51
0.7			0.1			1169.3
0.7			0.15			1009.35
0.7			0.2			980.234
0.7			0.25			978.864
0.7			0.3			979.475
0.7			0.35			980.088
0.7			0.4			980.701
0.7			0.45			981.314
0.7			0.5			981.927
0.7			0.55			982.541
0.7			0.6			983.155
0.7			0.65			983.77
0.7			0.7			984.385
0.7			0.75			987.005
0.7			0.8			1015.68
0.7			0.85			1142.56
0.7			0.9			1251.35
0.7			0.95			572.299
0.7			1			0

0.75			0.05			1530.56
0.75			0.1			1168.57
0.75			0.15			1008.72
0.75			0.2			979.621
0.75			0.25			978.252
0.75			0.3			978.864
0.75			0.35			979.475
0.75			0.4			980.088
0.75			0.45			980.701
0.75			0.5			981.314
0.75			0.55			981.927
0.75			0.6			982.541
0.75			0.65			983.155
0.75			0.7			983.77
0.75			0.75			986.388
0.75			0.8			1015.05
0.75			0.85			1141.85
0.75			0.9			1250.57
0.75			0.95			569.943
0.75			1			0

0.8			0.05			1531.58
0.8			0.1			1169.82
0.8			0.15			1010.07
0.8			0.2			980.989
0.8			0.25			979.621
0.8			0.3			980.234
0.8			0.35			980.847
0.8			0.4			981.46
0.8			0.45			982.074
0.8			0.5			982.688
0.8			0.55			983.302
0.8			0.6			983.917
0.8			0.65			984.532
0.8			0.7			985.147
0.8			0.75			987.765
0.8			0.8			1016.41
0.8			0.85			1143.13
0.8			0.9			1243.8
0.8			0.95			553.602
0.8			1			0

0.85			0.05			1552.36
0.85			0.1			1198.74
0.85			0.15			1039.12
0.85			0.2			1010.07
0.85			0.25			1008.72
0.85			0.3			1009.35
0.85			0.35			1009.98
0.85			0.4			1010.62
0.85			0.45			1011.25
0.85			0.5			1011.88
0.85			0.55			1012.51
0.85			0.6			1013.15
0.85			0.65			1013.78
0.85			0.7			1014.41
0.85			0.75			1017.05
0.85			0.8			1045.69
0.85			0.85			1160.37
0.85			0.9			1216.03
0.85			0.95			507.297
0.85			1			0

0.9			0.05			1672.01
0.9			0.1			1346.33
0.9			0.15			1198.74
0.9			0.2			1169.82
0.9			0.25			1168.57
0.9			0.3			1169.3
0.9			0.35			1170.03
0.9			0.4			1170.76
0.9			0.45			1171.5
0.9			0.5			1172.23
0.9			0.55			1172.96
0.9			0.6			1173.69
0.9			0.65			1174.43
0.9			0.7			1175.16
0.9			0.75			1177.9
0.9			0.8			1198.63
0.9			0.85			1258.39
0.9			0.9			1197.21
0.9			0.95			460.008
0.9			1			0

0.95			0.05			1949.98
0.95			0.1			1672.01
0.95			0.15			1552.36
0.95			0.2			1531.58
0.95			0.25			1530.56
0.95			0.3			1531.51
0.95			0.35			1532.47
0.95			0.4			1533.43
0.95			0.45			1534.39
0.95			0.5			1535.35
0.95			0.55			1536.31
0.95			0.6			1537.27
0.95			0.65			1538.23
0.95			0.7			1539.19
0.95			0.75			1540.15
0.95			0.8			1536.13
0.95			0.85			1490.16
0.95			0.9			1247.35
0.95			0.95			559.559
0.95			1			0

1			0.05			2137.47
1			0.1			1885.34
1			0.15			1783.63
1			0.2			1768.92
1			0.25			1770.03
1			0.3			1771.13
1			0.35			1772.24
1			0.4			1773.35
1			0.45			1774.46
1			0.5			1775.57
1			0.55			1776.68
1			0.6			1777.79
1			0.65			1778.9
1			0.7			1780.01
1			0.75			1778.13
1			0.8			1751.27
1			0.85			1618.52
1			0.9			1166.05
1			0.95			0
1			1			10.9931

