0.05			0.05			4.99688
0.05			0.1			5
0.05			0.15			5.00313
0.05			0.2			5.00625
0.05			0.25			5.00938
0.05			0.3			5.01252
0.05			0.35			5.01565
0.05			0.4			5.01879
0.05			0.45			5.02192
0.05			0.5			5.02506
0.05			0.55			5.02821
0.05			0.6			5.03135
0.05			0.65			5.03449
0.05			0.7			5.03764
0.05			0.75			5.04079
0.05			0.8			5.04394
0.05			0.85			5.0471
0.05			0.9			5.05025
0.05			0.95			3.03394
0.05			1			0

0.1			0.05			4.99375
0.1			0.1			4.99688
0.1			0.15			5
0.1			0.2			5.00313
0.1			0.25			5.00625
0.1			0.3			5.00938
0.1			0.35			5.01252
0.1			0.4			5.01565
0.1			0.45			5.01879
0.1			0.5			5.02192
0.1			0.55			5.02506
0.1			0.6			5.02821
0.1			0.65			5.03135
0.1			0.7			5.03449
0.1			0.75			5.03764
0.1			0.8			5.04079
0.1			0.85			5.04394
0.1			0.9			5.0471
0.1			0.95			3.03204
0.1			1			0

0.15			0.05			4.99063
0.15			0.1			4.99375
0.15			0.15			4.99688
0.15			0.2			5
0.15			0.25			5.00313
0.15			0.3			5.00625
0.15			0.35			5.00938
0.15			0.4			5.01252
0.15			0.45			5.01565
0.15			0.5			5.01879
0.15			0.55			5.02192
0.15			0.6			5.02506
0.15			0.65			5.02821
0.15			0.7			5.03135
0.15			0.75			5.03449
0.15			0.8			5.03764
0.15			0.85			5.04079
0.15			0.9			5.04394
0.15			0.95			3.03015
0.15			1			0

0.2			0.05			4.98752
0.2			0.1			4.99063
0.2			0.15			4.99375
0.2			0.2			4.99688
0.2			0.25			5
0.2			0.3			5.00313
0.2			0.35			5.00625
0.2			0.4			5.00938
0.2			0.45			5.01252
0.2			0.5			5.01565
0.2			0.55			5.01879
0.2			0.6			5.02192
0.2			0.65			5.02506
0.2			0.7			5.02821
0.2			0.75			5.03135
0.2			0.8			5.03449
0.2			0.85			5.03764
0.2			0.9			5.04079
0.2			0.95			3.02826
0.2			1			0

0.25			0.05			4.9844
0.25			0.1			4.98752
0.25			0.15			4.99063
0.25			0.2			4.99375
0.25			0.25			4.99688
0.25			0.3			5
0.25			0.35			5.00313
0.25			0.4			5.00625
0.25			0.45			5.00938
0.25			0.5			5.01252
0.25			0.55			5.01565
0.25			0.6			5.01879
0.25			0.65			5.02192
0.25			0.7			5.02506
0.25			0.75			5.02821
0.25			0.8			5.03135
0.25			0.85			5.03449
0.25			0.9			5.03764
0.25			0.95			3.02636
0.25			1			0

0.3			0.05			4.98129
0.3			0.1			4.9844
0.3			0.15			4.98752
0.3			0.2			4.99063
0.3			0.25			4.99375
0.3			0.3			4.99688
0.3			0.35			5
0.3			0.4			5.00313
0.3			0.45			5.00625
0.3			0.5			5.00938
0.3			0.55			5.01252
0.3			0.6			5.01565
0.3			0.65			5.01879
0.3			0.7			5.02192
0.3			0.75			5.02506
0.3			0.8			5.02821
0.3			0.85			5.03135
0.3			0.9			5.03449
0.3			0.95			3.02447
0.3			1			0

0.35			0.05			4.97817
0.35			0.1			4.98129
0.35			0.15			4.9844
0.35			0.2			4.98752
0.35			0.25			4.99063
0.35			0.3			4.99375
0.35			0.35			4.99688
0.35			0.4			5
0.35			0.45			5.00313
0.35			0.5			5.00625
0.35			0.55			5.00938
0.35			0.6			5.01252
0.35			0.65			5.01565
0.35			0.7			5.01879
0.35			0.75			5.02192
0.35			0.8			5.02506
0.35			0.85			5.02821
0.35			0.9			5.03135
0.35			0.95			3.02258
0.35			1			0

0.4			0.05			4.97506
0.4			0.1			4.97817
0.4			0.15			4.98129
0.4			0.2			4.9844
0.4			0.25			4.98752
0.4			0.3			4.99063
0.4			0.35			4.99375
0.4			0.4			4.99688
0.4			0.45			5
0.4			0.5			5.00313
0.4			0.55			5.00625
0.4			0.6			5.00938
0.4			0.65			5.01252
0.4			0.7			5.01565
0.4			0.75			5.01879
0.4			0.8			5.02192
0.4			0.85			5.02506
0.4			0.9			5.02821
0.4			0.95			3.0207
0.4			1			0

0.45			0.05			4.97195
0.45			0.1			4.97506
0.45			0.15			4.97817
0.45			0.2			4.98129
0.45			0.25			4.9844
0.45			0.3			4.98752
0.45			0.35			4.99063
0.45			0.4			4.99375
0.45			0.45			4.99688
0.45			0.5			5
0.45			0.55			5.00313
0.45			0.6			5.00625
0.45			0.65			5.00938
0.45			0.7			5.01252
0.45			0.75			5.01565
0.45			0.8			5.01879
0.45			0.85			5.02192
0.45			0.9			5.02506
0.45			0.95			3.01881
0.45			1			0

0.5			0.05			4.96885
0.5			0.1			4.97195
0.5			0.15			4.97506
0.5			0.2			4.97817
0.5			0.25			4.98129
0.5			0.3			4.9844
0.5			0.35			4.98752
0.5			0.4			4.99063
0.5			0.45			4.99375
0.5			0.5			4.99688
0.5			0.55			5
0.5			0.6			5.00313
0.5			0.65			5.00625
0.5			0.7			5.00938
0.5			0.75			5.01252
0.5			0.8			5.01565
0.5			0.85			5.01879
0.5			0.9			5.02192
0.5			0.95			3.01692
0.5			1			0

0.55			0.05			4.96574
0.55			0.1			4.96885
0.55			0.15			4.97195
0.55			0.2			4.97506
0.55			0.25			4.97817
0.55			0.3			4.98129
0.55			0.35			4.9844
0.55			0.4			4.98752
0.55			0.45			4.99063
0.55			0.5			4.99375
0.55			0.55			4.99688
0.55			0.6			5
0.55			0.65			5.00313
0.55			0.7			5.00625
0.55			0.75			5.00938
0.55			0.8			5.01252
0.55			0.85			5.01565
0.55			0.9			5.01879
0.55			0.95			3.01504
0.55			1			0

0.6			0.05			4.96264
0.6			0.1			4.96574
0.6			0.15			4.96885
0.6			0.2			4.97195
0.6			0.25			4.97506
0.6			0.3			4.97817
0.6			0.35			4.98129
0.6			0.4			4.9844
0.6			0.45			4.98752
0.6			0.5			4.99063
0.6			0.55			4.99375
0.6			0.6			4.99688
0.6			0.65			5
0.6			0.7			5.00313
0.6			0.75			5.00625
0.6			0.8			5.00938
0.6			0.85			5.01252
0.6			0.9			5.01565
0.6			0.95			3.01315
0.6			1			0

0.65			0.05			4.95954
0.65			0.1			4.96264
0.65			0.15			4.96574
0.65			0.2			4.96885
0.65			0.25			4.97195
0.65			0.3			4.97506
0.65			0.35			4.97817
0.65			0.4			4.98129
0.65			0.45			4.9844
0.65			0.5			4.98752
0.65			0.55			4.99063
0.65			0.6			4.99375
0.65			0.65			4.99688
0.65			0.7			5
0.65			0.75			5.00313
0.65			0.8			5.00625
0.65			0.85			5.00938
0.65			0.9			5.01252
0.65			0.95			3.01127
0.65			1			0

0.7			0.05			4.95644
0.7			0.1			4.95954
0.7			0.15			4.96264
0.7			0.2			4.96574
0.7			0.25			4.96885
0.7			0.3			4.97195
0.7			0.35			4.97506
0.7			0.4			4.97817
0.7			0.45			4.98129
0.7			0.5			4.9844
0.7			0.55			4.98752
0.7			0.6			4.99063
0.7			0.65			4.99375
0.7			0.7			4.99688
0.7			0.75			5
0.7			0.8			5.00313
0.7			0.85			5.00625
0.7			0.9			5.00938
0.7			0.95			3.00939
0.7			1			0

0.75			0.05			4.95334
0.75			0.1			4.95644
0.75			0.15			4.95954
0.75			0.2			4.96264
0.75			0.25			4.96574
0.75			0.3			4.96885
0.75			0.35			4.97195
0.75			0.4			4.97506
0.75			0.45			4.97817
0.75			0.5			4.98129
0.75			0.55			4.9844
0.75			0.6			4.98752
0.75			0.65			4.99063
0.75			0.7			4.99375
0.75			0.75			4.99688
0.75			0.8			5
0.75			0.85			5.00313
0.75			0.9			5.00625
0.75			0.95			3.00751
0.75			1			0

0.8			0.05			4.95025
0.8			0.1			4.95334
0.8			0.15			4.95644
0.8			0.2			4.95954
0.8			0.25			4.96264
0.8			0.3			4.96574
0.8			0.35			4.96885
0.8			0.4			4.97195
0.8			0.45			4.97506
0.8			0.5			4.97817
0.8			0.55			4.98129
0.8			0.6			4.9844
0.8			0.65			4.98752
0.8			0.7			4.99063
0.8			0.75			4.99375
0.8			0.8			4.99688
0.8			0.85			5
0.8			0.9			5.00313
0.8			0.95			3.00563
0.8			1			0

0.85			0.05			4.94716
0.85			0.1			4.95025
0.85			0.15			4.95334
0.85			0.2			4.95644
0.85			0.25			4.95954
0.85			0.3			4.96264
0.85			0.35			4.96574
0.85			0.4			4.96885
0.85			0.45			4.97195
0.85			0.5			4.97506
0.85			0.55			4.97817
0.85			0.6			4.98129
0.85			0.65			4.9844
0.85			0.7			4.98752
0.85			0.75			4.99063
0.85			0.8			4.99375
0.85			0.85			4.99688
0.85			0.9			5
0.85			0.95			3.00375
0.85			1			0

0.9			0.05			4.94407
0.9			0.1			4.94716
0.9			0.15			4.95025
0.9			0.2			4.95334
0.9			0.25			4.95644
0.9			0.3			4.95954
0.9			0.35			4.96264
0.9			0.4			4.96574
0.9			0.45			4.96885
0.9			0.5			4.97195
0.9			0.55			4.97506
0.9			0.6			4.97817
0.9			0.65			4.98129
0.9			0.7			4.9844
0.9			0.75			4.98752
0.9			0.8			4.99063
0.9			0.85			4.99375
0.9			0.9			4.99688
0.9			0.95			3.00188
0.9			1			0

0.95			0.05			4.94098
0.95			0.1			4.94407
0.95			0.15			4.94716
0.95			0.2			4.95025
0.95			0.25			4.95334
0.95			0.3			4.95644
0.95			0.35			4.95954
0.95			0.4			4.96264
0.95			0.45			4.96574
0.95			0.5			4.96885
0.95			0.55			4.97195
0.95			0.6			4.97506
0.95			0.65			4.97817
0.95			0.7			4.98129
0.95			0.75			4.9844
0.95			0.8			4.98752
0.95			0.85			4.99063
0.95			0.9			4.99375
0.95			0.95			4.99688
0.95			1			0

1			0.05			2.96335
1			0.1			2.9652
1			0.15			2.96706
1			0.2			2.96891
1			0.25			2.97077
1			0.3			2.97263
1			0.35			2.97448
1			0.4			2.97634
1			0.45			2.9782
1			0.5			2.98007
1			0.55			2.98193
1			0.6			2.98379
1			0.65			2.98566
1			0.7			2.98753
1			0.75			2.98939
1			0.8			2.99126
1			0.85			2.99313
1			0.9			2.995
1			0.95			0
1			1			2.99813

