0.05			0.05			7.95393e+26
0.05			0.1			7.81352e+26
0.05			0.15			7.61432e+26
0.05			0.2			7.39541e+26
0.05			0.25			7.19186e+26
0.05			0.3			7.02631e+26
0.05			0.35			6.90673e+26
0.05			0.4			6.82911e+26
0.05			0.45			6.78169e+26
0.05			0.5			6.74751e+26
0.05			0.55			6.70326e+26
0.05			0.6			6.61477e+26
0.05			0.65			6.43187e+26
0.05			0.7			6.08741e+26
0.05			0.75			5.50598e+26
0.05			0.8			4.62461e+26
0.05			0.85			3.42062e+26
0.05			0.9			1.92953e+26
0.05			0.95			2.08493e+25
0.05			1			0

0.1			0.05			7.81026e+26
0.1			0.1			7.66799e+26
0.1			0.15			7.46612e+26
0.1			0.2			7.24425e+26
0.1			0.25			7.03788e+26
0.1			0.3			6.86996e+26
0.1			0.35			6.74861e+26
0.1			0.4			6.66983e+26
0.1			0.45			6.62181e+26
0.1			0.5			6.58757e+26
0.1			0.55			6.5439e+26
0.1			0.6			6.45692e+26
0.1			0.65			6.27687e+26
0.1			0.7			5.93709e+26
0.1			0.75			5.36218e+26
0.1			0.8			4.48759e+26
0.1			0.85			3.28558e+26
0.1			0.9			1.78364e+26
0.1			0.95			5.84306e+24
0.1			1			0

0.15			0.05			7.60598e+26
0.15			0.1			7.46106e+26
0.15			0.15			7.2554e+26
0.15			0.2			7.0293e+26
0.15			0.25			6.8189e+26
0.15			0.3			6.64762e+26
0.15			0.35			6.52377e+26
0.15			0.4			6.44335e+26
0.15			0.45			6.39449e+26
0.15			0.5			6.3602e+26
0.15			0.55			6.31745e+26
0.15			0.6			6.23283e+26
0.15			0.65			6.05741e+26
0.15			0.7			5.7257e+26
0.15			0.75			5.16364e+26
0.15			0.8			4.30791e+26
0.15			0.85			3.13222e+26
0.15			0.9			1.66916e+26
0.15			0.95			1.64429e+24
0.15			1			0

0.2			0.05			7.3806e+26
0.2			0.1			7.23274e+26
0.2			0.15			7.02288e+26
0.2			0.2			6.7921e+26
0.2			0.25			6.57727e+26
0.2			0.3			6.40229e+26
0.2			0.35			6.27569e+26
0.2			0.4			6.19348e+26
0.2			0.45			6.14372e+26
0.2			0.5			6.10943e+26
0.2			0.55			6.06782e+26
0.2			0.6			5.98606e+26
0.2			0.65			5.81636e+26
0.2			0.7			5.4949e+26
0.2			0.75			4.94984e+26
0.2			0.8			4.1206e+26
0.2			0.85			2.98407e+26
0.2			0.9			1.57739e+26
0.2			0.95			4.65124e+23
0.2			1			0

0.25			0.05			7.16964e+26
0.25			0.1			7.01901e+26
0.25			0.15			6.8052e+26
0.25			0.2			6.57003e+26
0.25			0.25			6.35106e+26
0.25			0.3			6.17264e+26
0.25			0.35			6.04349e+26
0.25			0.4			5.95964e+26
0.25			0.45			5.90906e+26
0.25			0.5			5.87482e+26
0.25			0.55			5.83436e+26
0.25			0.6			5.75552e+26
0.25			0.65			5.59165e+26
0.25			0.7			5.28074e+26
0.25			0.75			4.75341e+26
0.25			0.8			3.95186e+26
0.25			0.85			2.85582e+26
0.25			0.9			1.50445e+26
0.25			0.95			1.32505e+23
0.25			1			0

0.3			0.05			6.99622e+26
0.3			0.1			6.84331e+26
0.3			0.15			6.62626e+26
0.3			0.2			6.38749e+26
0.3			0.25			6.16513e+26
0.3			0.3			5.9839e+26
0.3			0.35			5.8527e+26
0.3			0.4			5.76752e+26
0.3			0.45			5.71631e+26
0.3			0.5			5.68214e+26
0.3			0.55			5.6427e+26
0.3			0.6			5.5664e+26
0.3			0.65			5.40762e+26
0.3			0.7			5.10597e+26
0.3			0.75			4.59414e+26
0.3			0.8			3.81669e+26
0.3			0.85			2.75523e+26
0.3			0.9			1.44938e+26
0.3			0.95			3.81795e+22
0.3			1			0

0.35			0.05			6.86905e+26
0.35			0.1			6.71449e+26
0.35			0.15			6.49507e+26
0.35			0.2			6.25369e+26
0.35			0.25			6.02889e+26
0.35			0.3			5.84565e+26
0.35			0.35			5.71297e+26
0.35			0.4			5.62686e+26
0.35			0.45			5.5752e+26
0.35			0.5			5.54111e+26
0.35			0.55			5.50245e+26
0.35			0.6			5.42807e+26
0.35			0.65			5.27317e+26
0.35			0.7			4.97856e+26
0.35			0.75			4.47854e+26
0.35			0.8			3.71928e+26
0.35			0.85			2.68356e+26
0.35			0.9			1.41084e+26
0.35			0.95			1.12629e+22
0.35			1			0

0.4			0.05			6.78576e+26
0.4			0.1			6.63015e+26
0.4			0.15			6.40924e+26
0.4			0.2			6.16621e+26
0.4			0.25			5.93987e+26
0.4			0.3			5.75537e+26
0.4			0.35			5.62178e+26
0.4			0.4			5.53508e+26
0.4			0.45			5.48316e+26
0.4			0.5			5.44912e+26
0.4			0.55			5.41096e+26
0.4			0.6			5.33783e+26
0.4			0.65			5.18548e+26
0.4			0.7			4.89555e+26
0.4			0.75			4.40338e+26
0.4			0.8			3.65619e+26
0.4			0.85			2.63742e+26
0.4			0.9			1.38624e+26
0.4			0.95			3.54658e+21
0.4			1			0

0.45			0.05			6.73884e+26
0.45			0.1			6.58269e+26
0.45			0.15			6.36102e+26
0.45			0.2			6.11716e+26
0.45			0.25			5.89004e+26
0.45			0.3			5.70491e+26
0.45			0.35			5.57086e+26
0.45			0.4			5.48388e+26
0.45			0.45			5.43181e+26
0.45			0.5			5.39778e+26
0.45			0.55			5.35986e+26
0.45			0.6			5.28736e+26
0.45			0.65			5.13634e+26
0.45			0.7			4.84893e+26
0.45			0.75			4.36109e+26
0.45			0.8			3.62068e+26
0.45			0.85			2.61147e+26
0.45			0.9			1.37244e+26
0.45			0.95			1.40595e+21
0.45			1			0

0.5			0.05			6.72123e+26
0.5			0.1			6.56498e+26
0.5			0.15			6.34316e+26
0.5			0.2			6.09914e+26
0.5			0.25			5.87187e+26
0.5			0.3			5.68662e+26
0.5			0.35			5.55248e+26
0.5			0.4			5.46542e+26
0.5			0.45			5.41329e+26
0.5			0.5			5.37921e+26
0.5			0.55			5.34125e+26
0.5			0.6			5.26876e+26
0.5			0.65			5.11796e+26
0.5			0.7			4.83117e+26
0.5			0.75			4.34468e+26
0.5			0.8			3.60668e+26
0.5			0.85			2.60112e+26
0.5			0.9			1.36691e+26
0.5			0.95			1.13489e+21
0.5			1			0

0.55			0.05			6.73012e+26
0.55			0.1			6.57415e+26
0.55			0.15			6.35274e+26
0.55			0.2			6.10918e+26
0.55			0.25			5.88233e+26
0.55			0.3			5.69741e+26
0.55			0.35			5.5635e+26
0.55			0.4			5.47656e+26
0.55			0.45			5.42443e+26
0.55			0.5			5.39018e+26
0.55			0.55			5.35184e+26
0.55			0.6			5.2787e+26
0.55			0.65			5.12692e+26
0.55			0.7			4.83886e+26
0.55			0.75			4.35087e+26
0.55			0.8			3.61127e+26
0.55			0.85			2.60415e+26
0.55			0.9			1.36842e+26
0.55			0.95			2.32012e+21
0.55			1			0

0.6			0.05			6.76819e+26
0.6			0.1			6.61295e+26
0.6			0.15			6.39256e+26
0.6			0.2			6.15011e+26
0.6			0.25			5.9243e+26
0.6			0.3			5.74022e+26
0.6			0.35			5.60689e+26
0.6			0.4			5.52025e+26
0.6			0.45			5.46813e+26
0.6			0.5			5.43354e+26
0.6			0.55			5.39436e+26
0.6			0.6			5.31968e+26
0.6			0.65			5.16546e+26
0.6			0.7			4.87386e+26
0.6			0.75			4.38113e+26
0.6			0.8			3.63558e+26
0.6			0.85			2.62132e+26
0.6			0.9			1.3774e+26
0.6			0.95			7.163e+21
0.6			1			0

0.65			0.05			6.84242e+26
0.65			0.1			6.6884e+26
0.65			0.15			6.46976e+26
0.65			0.2			6.22923e+26
0.65			0.25			6.0052e+26
0.65			0.3			5.82256e+26
0.65			0.35			5.69024e+26
0.65			0.4			5.60414e+26
0.65			0.45			5.55204e+26
0.65			0.5			5.51682e+26
0.65			0.55			5.47614e+26
0.65			0.6			5.39875e+26
0.65			0.65			5.24015e+26
0.65			0.7			4.94216e+26
0.65			0.75			4.44073e+26
0.65			0.8			3.68396e+26
0.65			0.85			2.6559e+26
0.65			0.9			1.39571e+26
0.65			0.95			2.4584e+22
0.65			1			0

0.7			0.05			6.96032e+26
0.7			0.1			6.80812e+26
0.7			0.15			6.59206e+26
0.7			0.2			6.35438e+26
0.7			0.25			6.13302e+26
0.7			0.3			5.95255e+26
0.7			0.35			5.82174e+26
0.7			0.4			5.73644e+26
0.7			0.45			5.68435e+26
0.7			0.5			5.64816e+26
0.7			0.55			5.60517e+26
0.7			0.6			5.52357e+26
0.7			0.65			5.35828e+26
0.7			0.7			5.05051e+26
0.7			0.75			4.53575e+26
0.7			0.8			3.76174e+26
0.7			0.85			2.71219e+26
0.7			0.9			1.42608e+26
0.7			0.95			8.68122e+22
0.7			1			0

0.75			0.05			7.12438e+26
0.75			0.1			6.9746e+26
0.75			0.15			6.76199e+26
0.75			0.2			6.52812e+26
0.75			0.25			6.31034e+26
0.75			0.3			6.13279e+26
0.75			0.35			6.00402e+26
0.75			0.4			5.91979e+26
0.75			0.45			5.86769e+26
0.75			0.5			5.83015e+26
0.75			0.55			5.78394e+26
0.75			0.6			5.6966e+26
0.75			0.65			5.52222e+26
0.75			0.7			5.20129e+26
0.75			0.75			4.6687e+26
0.75			0.8			3.8717e+26
0.75			0.85			2.79333e+26
0.75			0.9			1.47152e+26
0.75			0.95			3.09572e+23
0.75			1			0

0.8			0.05			7.32624e+26
0.8			0.1			7.17934e+26
0.8			0.15			6.97084e+26
0.8			0.2			6.74155e+26
0.8			0.25			6.52806e+26
0.8			0.3			6.35402e+26
0.8			0.35			6.22772e+26
0.8			0.4			6.14479e+26
0.8			0.45			6.09265e+26
0.8			0.5			6.05342e+26
0.8			0.55			6.00329e+26
0.8			0.6			5.90896e+26
0.8			0.65			5.72366e+26
0.8			0.7			5.38708e+26
0.8			0.75			4.83366e+26
0.8			0.8			4.01023e+26
0.8			0.85			2.89898e+26
0.8			0.9			1.53534e+26
0.8			0.95			1.10912e+24
0.8			1			0

0.85			0.05			7.54333e+26
0.85			0.1			7.39946e+26
0.85			0.15			7.1953e+26
0.85			0.2			6.97082e+26
0.85			0.25			6.76187e+26
0.85			0.3			6.59157e+26
0.85			0.35			6.46789e+26
0.85			0.4			6.38632e+26
0.85			0.45			6.33413e+26
0.85			0.5			6.29307e+26
0.85			0.55			6.23873e+26
0.85			0.6			6.13699e+26
0.85			0.65			5.9402e+26
0.85			0.7			5.58746e+26
0.85			0.75			5.01307e+26
0.85			0.8			4.16423e+26
0.85			0.85			3.02321e+26
0.85			0.9			1.62259e+26
0.85			0.95			3.98595e+24
0.85			1			0

0.9			0.05			7.74088e+26
0.9			0.1			7.59973e+26
0.9			0.15			7.39946e+26
0.9			0.2			7.1793e+26
0.9			0.25			6.97444e+26
0.9			0.3			6.8075e+26
0.9			0.35			6.68619e+26
0.9			0.4			6.60586e+26
0.9			0.45			6.5536e+26
0.9			0.5			6.51087e+26
0.9			0.55			6.45271e+26
0.9			0.6			6.34428e+26
0.9			0.65			6.13724e+26
0.9			0.7			5.77036e+26
0.9			0.75			5.17831e+26
0.9			0.8			4.30996e+26
0.9			0.85			3.15136e+26
0.9			0.9			1.7406e+26
0.9			0.95			1.43594e+25
0.9			1			0

0.95			0.05			7.88013e+26
0.95			0.1			7.74088e+26
0.95			0.15			7.54332e+26
0.95			0.2			7.32619e+26
0.95			0.25			7.12419e+26
0.95			0.3			6.9596e+26
0.95			0.35			6.83996e+26
0.95			0.4			6.76048e+26
0.95			0.45			6.70818e+26
0.95			0.5			6.66427e+26
0.95			0.55			6.60341e+26
0.95			0.6			6.49029e+26
0.95			0.65			6.27611e+26
0.95			0.7			5.89946e+26
0.95			0.75			5.29546e+26
0.95			0.8			4.41497e+26
0.95			0.85			3.25125e+26
0.95			0.9			1.87468e+26
0.95			0.95			5.18365e+25
0.95			1			0

1			0.05			7.93043e+26
1			0.1			7.79186e+26
1			0.15			7.59528e+26
1			0.2			7.37925e+26
1			0.25			7.17828e+26
1			0.3			7.01454e+26
1			0.35			6.89549e+26
1			0.4			6.81633e+26
1			0.45			6.76401e+26
1			0.5			6.71966e+26
1			0.55			6.65783e+26
1			0.6			6.54301e+26
1			0.65			6.32624e+26
1			0.7			5.94594e+26
1			0.75			5.33696e+26
1			0.8			4.44845e+26
1			0.85			3.26374e+26
1			0.9			1.79901e+26
1			0.95			0
1			1			72.9544

