0.05			0.05			1.21589e+07
0.05			0.1			1.12263e+07
0.05			0.15			1.03859e+07
0.05			0.2			9.92147e+06
0.05			0.25			9.75292e+06
0.05			0.3			9.71494e+06
0.05			0.35			9.71356e+06
0.05			0.4			9.71882e+06
0.05			0.45			9.72484e+06
0.05			0.5			9.73092e+06
0.05			0.55			9.73706e+06
0.05			0.6			9.7439e+06
0.05			0.65			9.75643e+06
0.05			0.7			9.79562e+06
0.05			0.75			9.89881e+06
0.05			0.8			9.997e+06
0.05			0.85			9.53961e+06
0.05			0.9			7.22696e+06
0.05			0.95			1.76168e+06
0.05			1			0

0.1			0.05			1.12174e+07
0.1			0.1			1.02153e+07
0.1			0.15			9.30604e+06
0.1			0.2			8.79768e+06
0.1			0.25			8.60933e+06
0.1			0.3			8.56465e+06
0.1			0.35			8.56122e+06
0.1			0.4			8.56556e+06
0.1			0.45			8.57085e+06
0.1			0.5			8.57621e+06
0.1			0.55			8.58164e+06
0.1			0.6			8.58795e+06
0.1			0.65			8.6009e+06
0.1			0.7			8.6439e+06
0.1			0.75			8.75792e+06
0.1			0.8			8.87158e+06
0.1			0.85			8.41614e+06
0.1			0.9			6.09123e+06
0.1			0.95			844226
0.1			1			0

0.15			0.05			1.03653e+07
0.15			0.1			9.29481e+06
0.15			0.15			8.32008e+06
0.15			0.2			7.77212e+06
0.15			0.25			7.56733e+06
0.15			0.3			7.51766e+06
0.15			0.35			7.51281e+06
0.15			0.4			7.51643e+06
0.15			0.45			7.52106e+06
0.15			0.5			7.52576e+06
0.15			0.55			7.53053e+06
0.15			0.6			7.53626e+06
0.15			0.65			7.5493e+06
0.15			0.7			7.5957e+06
0.15			0.75			7.72317e+06
0.15			0.8			7.87099e+06
0.15			0.85			7.48684e+06
0.15			0.9			5.32933e+06
0.15			0.95			543235
0.15			1			0

0.2			0.05			9.88859e+06
0.2			0.1			8.77504e+06
0.2			0.15			7.76133e+06
0.2			0.2			7.19188e+06
0.2			0.25			6.97935e+06
0.2			0.3			6.92775e+06
0.2			0.35			6.92238e+06
0.2			0.4			6.92563e+06
0.2			0.45			6.92989e+06
0.2			0.5			6.93422e+06
0.2			0.55			6.93862e+06
0.2			0.6			6.94398e+06
0.2			0.65			6.95682e+06
0.2			0.7			7.00443e+06
0.2			0.75			7.13912e+06
0.2			0.8			7.31026e+06
0.2			0.85			6.98319e+06
0.2			0.9			4.95502e+06
0.2			0.95			449812
0.2			1			0

0.25			0.05			9.7078e+06
0.25			0.1			8.57569e+06
0.25			0.15			7.54657e+06
0.25			0.2			6.96984e+06
0.25			0.25			6.7553e+06
0.25			0.3			6.70334e+06
0.25			0.35			6.69784e+06
0.25			0.4			6.70094e+06
0.25			0.45			6.70506e+06
0.25			0.5			6.70926e+06
0.25			0.55			6.71352e+06
0.25			0.6			6.71873e+06
0.25			0.65			6.73142e+06
0.25			0.7			6.77912e+06
0.25			0.75			6.91571e+06
0.25			0.8			7.09529e+06
0.25			0.85			6.79219e+06
0.25			0.9			4.81909e+06
0.25			0.95			423765
0.25			1			0

0.3			0.05			9.65769e+06
0.3			0.1			8.52025e+06
0.3			0.15			7.48738e+06
0.3			0.2			6.90938e+06
0.3			0.25			6.69468e+06
0.3			0.3			6.64272e+06
0.3			0.35			6.63718e+06
0.3			0.4			6.64025e+06
0.3			0.45			6.64434e+06
0.3			0.5			6.64849e+06
0.3			0.55			6.65272e+06
0.3			0.6			6.65789e+06
0.3			0.65			6.67054e+06
0.3			0.7			6.71817e+06
0.3			0.75			6.8549e+06
0.3			0.8			7.03611e+06
0.3			0.85			6.73928e+06
0.3			0.9			4.78195e+06
0.3			0.95			417570
0.3			1			0

0.35			0.05			9.6442e+06
0.35			0.1			8.50614e+06
0.35			0.15			7.47314e+06
0.35			0.2			6.89533e+06
0.35			0.25			6.68076e+06
0.35			0.3			6.62883e+06
0.35			0.35			6.62328e+06
0.35			0.4			6.62635e+06
0.35			0.45			6.63042e+06
0.35			0.5			6.63457e+06
0.35			0.55			6.63878e+06
0.35			0.6			6.64395e+06
0.35			0.65			6.65658e+06
0.35			0.7			6.70418e+06
0.35			0.75			6.84081e+06
0.35			0.8			7.02208e+06
0.35			0.85			6.72637e+06
0.35			0.9			4.77286e+06
0.35			0.95			416281
0.35			1			0

0.4			0.05			9.63736e+06
0.4			0.1			8.49981e+06
0.4			0.15			7.46739e+06
0.4			0.2			6.88994e+06
0.4			0.25			6.6755e+06
0.4			0.3			6.6236e+06
0.4			0.35			6.61806e+06
0.4			0.4			6.62112e+06
0.4			0.45			6.62519e+06
0.4			0.5			6.62933e+06
0.4			0.55			6.63355e+06
0.4			0.6			6.63871e+06
0.4			0.65			6.65133e+06
0.4			0.7			6.6989e+06
0.4			0.75			6.83545e+06
0.4			0.8			7.0166e+06
0.4			0.85			6.72115e+06
0.4			0.9			4.76916e+06
0.4			0.95			415906
0.4			1			0

0.45			0.05			9.63129e+06
0.45			0.1			8.49443e+06
0.45			0.15			7.46265e+06
0.45			0.2			6.88556e+06
0.45			0.25			6.67126e+06
0.45			0.3			6.61939e+06
0.45			0.35			6.61386e+06
0.45			0.4			6.61691e+06
0.45			0.45			6.62098e+06
0.45			0.5			6.62512e+06
0.45			0.55			6.62933e+06
0.45			0.6			6.63449e+06
0.45			0.65			6.64711e+06
0.45			0.7			6.69465e+06
0.45			0.75			6.83111e+06
0.45			0.8			7.01214e+06
0.45			0.85			6.71688e+06
0.45			0.9			4.76613e+06
0.45			0.95			415640
0.45			1			0

0.5			0.05			9.62527e+06
0.5			0.1			8.48912e+06
0.5			0.15			7.45799e+06
0.5			0.2			6.88126e+06
0.5			0.25			6.66709e+06
0.5			0.3			6.61526e+06
0.5			0.35			6.60972e+06
0.5			0.4			6.61278e+06
0.5			0.45			6.61684e+06
0.5			0.5			6.62098e+06
0.5			0.55			6.62519e+06
0.5			0.6			6.63034e+06
0.5			0.65			6.64295e+06
0.5			0.7			6.69046e+06
0.5			0.75			6.82684e+06
0.5			0.8			7.00776e+06
0.5			0.85			6.71268e+06
0.5			0.9			4.76315e+06
0.5			0.95			415379
0.5			1			0

0.55			0.05			9.61926e+06
0.55			0.1			8.48382e+06
0.55			0.15			7.45333e+06
0.55			0.2			6.87696e+06
0.55			0.25			6.66293e+06
0.55			0.3			6.61112e+06
0.55			0.35			6.60559e+06
0.55			0.4			6.60865e+06
0.55			0.45			6.61271e+06
0.55			0.5			6.61685e+06
0.55			0.55			6.62105e+06
0.55			0.6			6.6262e+06
0.55			0.65			6.6388e+06
0.55			0.7			6.68628e+06
0.55			0.75			6.82257e+06
0.55			0.8			7.00338e+06
0.55			0.85			6.70849e+06
0.55			0.9			4.76015e+06
0.55			0.95			415083
0.55			1			0

0.6			0.05			9.6133e+06
0.6			0.1			8.47859e+06
0.6			0.15			7.44874e+06
0.6			0.2			6.87273e+06
0.6			0.25			6.65883e+06
0.6			0.3			6.60706e+06
0.6			0.35			6.60154e+06
0.6			0.4			6.60459e+06
0.6			0.45			6.60865e+06
0.6			0.5			6.61278e+06
0.6			0.55			6.61698e+06
0.6			0.6			6.62213e+06
0.6			0.65			6.63473e+06
0.6			0.7			6.68217e+06
0.6			0.75			6.81838e+06
0.6			0.8			6.99908e+06
0.6			0.85			6.70429e+06
0.6			0.9			4.75694e+06
0.6			0.95			414538
0.6			1			0

0.65			0.05			9.60809e+06
0.65			0.1			8.47429e+06
0.65			0.15			7.44516e+06
0.65			0.2			6.86951e+06
0.65			0.25			6.65574e+06
0.65			0.3			6.60401e+06
0.65			0.35			6.59848e+06
0.65			0.4			6.60154e+06
0.65			0.45			6.60559e+06
0.65			0.5			6.60972e+06
0.65			0.55			6.61392e+06
0.65			0.6			6.61907e+06
0.65			0.65			6.63166e+06
0.65			0.7			6.67908e+06
0.65			0.75			6.8152e+06
0.65			0.8			6.99562e+06
0.65			0.85			6.7001e+06
0.65			0.9			4.75243e+06
0.65			0.95			412953
0.65			1			0

0.7			0.05			9.60947e+06
0.7			0.1			8.47769e+06
0.7			0.15			7.44996e+06
0.7			0.2			6.87485e+06
0.7			0.25			6.66122e+06
0.7			0.3			6.60952e+06
0.7			0.35			6.60401e+06
0.7			0.4			6.60706e+06
0.7			0.45			6.61112e+06
0.7			0.5			6.61526e+06
0.7			0.55			6.61946e+06
0.7			0.6			6.62461e+06
0.7			0.65			6.6372e+06
0.7			0.7			6.68459e+06
0.7			0.75			6.82038e+06
0.7			0.8			6.99873e+06
0.7			0.85			6.69759e+06
0.7			0.9			4.74427e+06
0.7			0.95			408769
0.7			1			0

0.75			0.05			9.64706e+06
0.75			0.1			8.52195e+06
0.75			0.15			7.49921e+06
0.75			0.2			6.92606e+06
0.75			0.25			6.71285e+06
0.75			0.3			6.66122e+06
0.75			0.35			6.65574e+06
0.75			0.4			6.65883e+06
0.75			0.45			6.66293e+06
0.75			0.5			6.66709e+06
0.75			0.55			6.67133e+06
0.75			0.6			6.67651e+06
0.75			0.65			6.68912e+06
0.75			0.7			6.73627e+06
0.75			0.75			6.86944e+06
0.75			0.8			7.03669e+06
0.75			0.85			6.71158e+06
0.75			0.9			4.73503e+06
0.75			0.95			401623
0.75			1			0

0.8			0.05			9.81391e+06
0.8			0.1			8.70852e+06
0.8			0.15			7.70226e+06
0.8			0.2			7.13701e+06
0.8			0.25			6.92606e+06
0.8			0.3			6.87485e+06
0.8			0.35			6.86951e+06
0.8			0.4			6.87273e+06
0.8			0.45			6.87696e+06
0.8			0.5			6.88126e+06
0.8			0.55			6.88563e+06
0.8			0.6			6.89094e+06
0.8			0.65			6.90352e+06
0.8			0.7			6.94861e+06
0.8			0.75			7.06948e+06
0.8			0.8			7.19743e+06
0.8			0.85			6.79991e+06
0.8			0.9			4.7546e+06
0.8			0.95			401323
0.8			1			0

0.85			0.05			1.02737e+07
0.85			0.1			9.21214e+06
0.85			0.15			8.2456e+06
0.85			0.2			7.70226e+06
0.85			0.25			7.49921e+06
0.85			0.3			7.44996e+06
0.85			0.35			7.44516e+06
0.85			0.4			7.44874e+06
0.85			0.45			7.45333e+06
0.85			0.5			7.45799e+06
0.85			0.55			7.46272e+06
0.85			0.6			7.46832e+06
0.85			0.65			7.48009e+06
0.85			0.7			7.51707e+06
0.85			0.75			7.60219e+06
0.85			0.8			7.63387e+06
0.85			0.85			7.07642e+06
0.85			0.9			4.88348e+06
0.85			0.95			456069
0.85			1			0

0.9			0.05			1.11058e+07
0.9			0.1			1.01129e+07
0.9			0.15			9.21214e+06
0.9			0.2			8.70852e+06
0.9			0.25			8.52195e+06
0.9			0.3			8.47769e+06
0.9			0.35			8.47429e+06
0.9			0.4			8.47859e+06
0.9			0.45			8.48382e+06
0.9			0.5			8.48912e+06
0.9			0.55			8.49448e+06
0.9			0.6			8.50036e+06
0.9			0.65			8.50934e+06
0.9			0.7			8.52802e+06
0.9			0.75			8.54539e+06
0.9			0.8			8.41336e+06
0.9			0.85			7.60493e+06
0.9			0.9			5.2102e+06
0.9			0.95			738706
0.9			1			0

0.95			0.05			1.20292e+07
0.95			0.1			1.11058e+07
0.95			0.15			1.02737e+07
0.95			0.2			9.81391e+06
0.95			0.25			9.64706e+06
0.95			0.3			9.60947e+06
0.95			0.35			9.60809e+06
0.95			0.4			9.6133e+06
0.95			0.45			9.61926e+06
0.95			0.5			9.62527e+06
0.95			0.55			9.63128e+06
0.95			0.6			9.63714e+06
0.95			0.65			9.6417e+06
0.95			0.7			9.63661e+06
0.95			0.75			9.57409e+06
0.95			0.8			9.25926e+06
0.95			0.85			8.18281e+06
0.95			0.9			5.64747e+06
0.95			0.95			1.82627e+06
0.95			1			0

1			0.05			1.24474e+07
1			0.1			1.15541e+07
1			0.15			1.07521e+07
1			0.2			1.03121e+07
1			0.25			1.01545e+07
1			0.3			1.01202e+07
1			0.35			1.01198e+07
1			0.4			1.01255e+07
1			0.45			1.01318e+07
1			0.5			1.01381e+07
1			0.55			1.01444e+07
1			0.6			1.01501e+07
1			0.65			1.01522e+07
1			0.7			1.01348e+07
1			0.75			1.00315e+07
1			0.8			9.61674e+06
1			0.85			8.33989e+06
1			0.9			5.36133e+06
1			0.95			0
1			1			20.9869

