0.05			0.05			11305.9
0.05			0.1			9905.92
0.05			0.15			9126.14
0.05			0.2			8919.9
0.05			0.25			8897.49
0.05			0.3			8901.05
0.05			0.35			8906.62
0.05			0.4			8912.19
0.05			0.45			8917.76
0.05			0.5			8923.33
0.05			0.55			8928.91
0.05			0.6			8934.49
0.05			0.65			8940.08
0.05			0.7			8947.69
0.05			0.75			8979.55
0.05			0.8			9158.85
0.05			0.85			9584.36
0.05			0.9			9065.61
0.05			0.95			3870.62
0.05			1			0

0.1			0.05			9895.71
0.1			0.1			8303.81
0.1			0.15			7387.57
0.1			0.2			7130.4
0.1			0.25			7096.89
0.1			0.3			7099.33
0.1			0.35			7103.77
0.1			0.4			7108.21
0.1			0.45			7112.65
0.1			0.5			7117.1
0.1			0.55			7121.55
0.1			0.6			7126
0.1			0.65			7130.46
0.1			0.7			7136.94
0.1			0.75			7177.75
0.1			0.8			7402.29
0.1			0.85			7927.52
0.1			0.9			7505.03
0.1			0.95			2574.21
0.1			1			0

0.15			0.05			9104.48
0.15			0.1			7377.21
0.15			0.15			6381.02
0.15			0.2			6103.4
0.15			0.25			6069.27
0.15			0.3			6071.07
0.15			0.35			6074.86
0.15			0.4			6078.66
0.15			0.45			6082.46
0.15			0.5			6086.26
0.15			0.55			6090.07
0.15			0.6			6093.87
0.15			0.65			6097.68
0.15			0.7			6103.52
0.15			0.75			6143.66
0.15			0.8			6387.63
0.15			0.85			6996.77
0.15			0.9			6755.79
0.15			0.95			2223.32
0.15			1			0

0.2			0.05			8887
0.2			0.1			7110.72
0.2			0.15			6094.99
0.2			0.2			5817.37
0.2			0.25			5783.08
0.2			0.3			5784.7
0.2			0.35			5788.32
0.2			0.4			5791.94
0.2			0.45			5795.56
0.2			0.5			5799.18
0.2			0.55			5802.81
0.2			0.6			5806.44
0.2			0.65			5810.07
0.2			0.7			5815.72
0.2			0.75			5855.66
0.2			0.8			6099.3
0.2			0.85			6728.09
0.2			0.9			6553.77
0.2			0.95			2155.3
0.2			1			0

0.25			0.05			8853.48
0.25			0.1			7068.29
0.25			0.15			6053.17
0.25			0.2			5775.7
0.25			0.25			5741.41
0.25			0.3			5743.01
0.25			0.35			5746.6
0.25			0.4			5750.19
0.25			0.45			5753.79
0.25			0.5			5757.39
0.25			0.55			5760.98
0.25			0.6			5764.59
0.25			0.65			5768.19
0.25			0.7			5773.81
0.25			0.75			5813.7
0.25			0.8			6057.17
0.25			0.85			6685.54
0.25			0.9			6521.41
0.25			0.95			2147.89
0.25			1			0

0.3			0.05			8845.95
0.3			0.1			7061.87
0.3			0.15			6047.39
0.3			0.2			5770.09
0.3			0.25			5735.82
0.3			0.3			5737.42
0.3			0.35			5741
0.3			0.4			5744.59
0.3			0.45			5748.18
0.3			0.5			5751.78
0.3			0.55			5755.37
0.3			0.6			5758.97
0.3			0.65			5762.57
0.3			0.7			5768.19
0.3			0.75			5808.05
0.3			0.8			6051.37
0.3			0.85			6679.35
0.3			0.9			6515.32
0.3			0.95			2146.55
0.3			1			0

0.35			0.05			8840.42
0.35			0.1			7057.46
0.35			0.15			6043.61
0.35			0.2			5766.48
0.35			0.25			5732.24
0.35			0.3			5733.83
0.35			0.35			5737.42
0.35			0.4			5741
0.35			0.45			5744.59
0.35			0.5			5748.18
0.35			0.55			5751.78
0.35			0.6			5755.37
0.35			0.65			5758.97
0.35			0.7			5764.59
0.35			0.75			5804.43
0.35			0.8			6047.59
0.35			0.85			6675.17
0.35			0.9			6511.25
0.35			0.95			2145.21
0.35			1			0

0.4			0.05			8834.9
0.4			0.1			7053.05
0.4			0.15			6039.84
0.4			0.2			5762.88
0.4			0.25			5728.66
0.4			0.3			5730.25
0.4			0.35			5733.83
0.4			0.4			5737.42
0.4			0.45			5741
0.4			0.5			5744.59
0.4			0.55			5748.18
0.4			0.6			5751.78
0.4			0.65			5755.37
0.4			0.7			5760.98
0.4			0.75			5800.8
0.4			0.8			6043.81
0.4			0.85			6671
0.4			0.9			6507.18
0.4			0.95			2143.87
0.4			1			0

0.45			0.05			8829.38
0.45			0.1			7048.65
0.45			0.15			6036.06
0.45			0.2			5759.28
0.45			0.25			5725.08
0.45			0.3			5726.67
0.45			0.35			5730.25
0.45			0.4			5733.83
0.45			0.45			5737.42
0.45			0.5			5741
0.45			0.55			5744.59
0.45			0.6			5748.18
0.45			0.65			5751.78
0.45			0.7			5757.39
0.45			0.75			5797.17
0.45			0.8			6040.03
0.45			0.85			6666.83
0.45			0.9			6503.11
0.45			0.95			2142.53
0.45			1			0

0.5			0.05			8823.86
0.5			0.1			7044.24
0.5			0.15			6032.29
0.5			0.2			5755.68
0.5			0.25			5721.5
0.5			0.3			5723.09
0.5			0.35			5726.67
0.5			0.4			5730.25
0.5			0.45			5733.83
0.5			0.5			5737.42
0.5			0.55			5741
0.5			0.6			5744.59
0.5			0.65			5748.18
0.5			0.7			5753.79
0.5			0.75			5793.55
0.5			0.8			6036.26
0.5			0.85			6662.67
0.5			0.9			6499.05
0.5			0.95			2141.19
0.5			1			0

0.55			0.05			8818.35
0.55			0.1			7039.84
0.55			0.15			6028.52
0.55			0.2			5752.09
0.55			0.25			5717.93
0.55			0.3			5719.52
0.55			0.35			5723.09
0.55			0.4			5726.67
0.55			0.45			5730.25
0.55			0.5			5733.83
0.55			0.55			5737.42
0.55			0.6			5741
0.55			0.65			5744.59
0.55			0.7			5750.19
0.55			0.75			5789.93
0.55			0.8			6032.48
0.55			0.85			6658.51
0.55			0.9			6494.99
0.55			0.95			2139.86
0.55			1			0

0.6			0.05			8812.84
0.6			0.1			7035.44
0.6			0.15			6024.76
0.6			0.2			5748.49
0.6			0.25			5714.36
0.6			0.3			5715.94
0.6			0.35			5719.52
0.6			0.4			5723.09
0.6			0.45			5726.67
0.6			0.5			5730.25
0.6			0.55			5733.83
0.6			0.6			5737.42
0.6			0.65			5741
0.6			0.7			5746.6
0.6			0.75			5786.32
0.6			0.8			6028.72
0.6			0.85			6654.34
0.6			0.9			6490.93
0.6			0.95			2138.52
0.6			1			0

0.65			0.05			8807.33
0.65			0.1			7031.05
0.65			0.15			6020.99
0.65			0.2			5744.9
0.65			0.25			5710.78
0.65			0.3			5712.37
0.65			0.35			5715.94
0.65			0.4			5719.52
0.65			0.45			5723.09
0.65			0.5			5726.67
0.65			0.55			5730.25
0.65			0.6			5733.83
0.65			0.65			5737.42
0.65			0.7			5743.01
0.65			0.75			5782.7
0.65			0.8			6024.95
0.65			0.85			6650.19
0.65			0.9			6486.88
0.65			0.95			2137.18
0.65			1			0

0.7			0.05			8801.83
0.7			0.1			7026.65
0.7			0.15			6017.23
0.7			0.2			5741.31
0.7			0.25			5707.22
0.7			0.3			5708.8
0.7			0.35			5712.37
0.7			0.4			5715.94
0.7			0.45			5719.52
0.7			0.5			5723.09
0.7			0.55			5726.67
0.7			0.6			5730.25
0.7			0.65			5733.83
0.7			0.7			5739.42
0.7			0.75			5779.09
0.7			0.8			6021.18
0.7			0.85			6646.03
0.7			0.9			6482.82
0.7			0.95			2133.85
0.7			1			0

0.75			0.05			8798.3
0.75			0.1			7024.24
0.75			0.15			6015.45
0.75			0.2			5739.7
0.75			0.25			5705.63
0.75			0.3			5707.22
0.75			0.35			5710.78
0.75			0.4			5714.36
0.75			0.45			5717.93
0.75			0.5			5721.5
0.75			0.55			5725.08
0.75			0.6			5728.66
0.75			0.65			5732.24
0.75			0.7			5737.83
0.75			0.75			5777.47
0.75			0.8			6019.42
0.75			0.85			6643.88
0.75			0.9			6470.78
0.75			0.95			2112.53
0.75			1			0

0.8			0.05			8820.48
0.8			0.1			7057.42
0.8			0.15			6049.28
0.8			0.2			5773.73
0.8			0.25			5739.7
0.8			0.3			5741.31
0.8			0.35			5744.9
0.8			0.4			5748.49
0.8			0.45			5752.09
0.8			0.5			5755.68
0.8			0.55			5759.28
0.8			0.6			5762.88
0.8			0.65			5766.48
0.8			0.7			5772.09
0.8			0.75			5811.73
0.8			0.8			6053.55
0.8			0.85			6657.66
0.8			0.9			6413.77
0.8			0.95			2033.29
0.8			1			0

0.85			0.05			9024.55
0.85			0.1			7312.08
0.85			0.15			6324.48
0.85			0.2			6049.28
0.85			0.25			6015.45
0.85			0.3			6017.23
0.85			0.35			6020.99
0.85			0.4			6024.76
0.85			0.45			6028.52
0.85			0.5			6032.29
0.85			0.55			6036.06
0.85			0.6			6039.84
0.85			0.65			6043.61
0.85			0.7			6049.39
0.85			0.75			6089.18
0.85			0.8			6311.05
0.85			0.85			6791.07
0.85			0.9			6307.71
0.85			0.95			1889.13
0.85			1			0

0.9			0.05			9796.24
0.9			0.1			8219.5
0.9			0.15			7312.08
0.9			0.2			7057.42
0.9			0.25			7024.24
0.9			0.3			7026.65
0.9			0.35			7031.05
0.9			0.4			7035.44
0.9			0.45			7039.84
0.9			0.5			7044.24
0.9			0.55			7048.65
0.9			0.6			7053.05
0.9			0.65			7057.46
0.9			0.7			7063.87
0.9			0.75			7094.29
0.9			0.8			7220.74
0.9			0.85			7354.41
0.9			0.9			6352.33
0.9			0.95			1869.86
0.9			1			0

0.95			0.05			11181.9
0.95			0.1			9796.24
0.95			0.15			9024.55
0.95			0.2			8820.48
0.95			0.25			8798.3
0.95			0.3			8801.83
0.95			0.35			8807.33
0.95			0.4			8812.84
0.95			0.45			8818.35
0.95			0.5			8823.86
0.95			0.55			8829.38
0.95			0.6			8834.9
0.95			0.65			8840.42
0.95			0.7			8845.95
0.95			0.75			8845.49
0.95			0.8			8786.14
0.95			0.85			8378.21
0.95			0.9			6675.99
0.95			0.95			2708.56
0.95			1			0

1			0.05			11986.9
1			0.1			10698.7
1			0.15			10000.8
1			0.2			9828.99
1			0.25			9815.36
1			0.3			9821.49
1			0.35			9827.63
1			0.4			9833.78
1			0.45			9839.93
1			0.5			9846.08
1			0.55			9852.23
1			0.6			9858.39
1			0.65			9864.56
1			0.7			9867.73
1			0.75			9839.93
1			0.8			9646.32
1			0.85			8831.34
1			0.9			6223.7
1			0.95			0
1			1			12.9919

