0.05			0.05			2.08553e+22
0.05			0.1			2.03943e+22
0.05			0.15			1.97614e+22
0.05			0.2			1.90994e+22
0.05			0.25			1.85233e+22
0.05			0.3			1.80924e+22
0.05			0.35			1.7812e+22
0.05			0.4			1.76538e+22
0.05			0.45			1.75778e+22
0.05			0.5			1.75441e+22
0.05			0.55			1.751e+22
0.05			0.6			1.74112e+22
0.05			0.65			1.71332e+22
0.05			0.7			1.64887e+22
0.05			0.75			1.52221e+22
0.05			0.8			1.30686e+22
0.05			0.85			9.86538e+21
0.05			0.9			5.65795e+21
0.05			0.95			6.34948e+20
0.05			1			0

0.1			0.05			2.0385e+22
0.1			0.1			1.99161e+22
0.1			0.15			1.92722e+22
0.1			0.2			1.85985e+22
0.1			0.25			1.80118e+22
0.1			0.3			1.75727e+22
0.1			0.35			1.72867e+22
0.1			0.4			1.7125e+22
0.1			0.45			1.70471e+22
0.1			0.5			1.7013e+22
0.1			0.55			1.69798e+22
0.1			0.6			1.68838e+22
0.1			0.65			1.6612e+22
0.1			0.7			1.59785e+22
0.1			0.75			1.4729e+22
0.1			0.8			1.25964e+22
0.1			0.85			9.40627e+21
0.1			0.9			5.18418e+21
0.1			0.95			1.81081e+20
0.1			1			0

0.15			0.05			1.97378e+22
0.15			0.1			1.9258e+22
0.15			0.15			1.85989e+22
0.15			0.2			1.79089e+22
0.15			0.25			1.73078e+22
0.15			0.3			1.68573e+22
0.15			0.35			1.65635e+22
0.15			0.4			1.63971e+22
0.15			0.45			1.63168e+22
0.15			0.5			1.62821e+22
0.15			0.55			1.62504e+22
0.15			0.6			1.61589e+22
0.15			0.65			1.5897e+22
0.15			0.7			1.52827e+22
0.15			0.75			1.40673e+22
0.15			0.8			1.19906e+22
0.15			0.85			8.88721e+21
0.15			0.9			4.80265e+21
0.15			0.95			5.20942e+19
0.15			1			0

0.2			0.05			1.90579e+22
0.2			0.1			1.85665e+22
0.2			0.15			1.78913e+22
0.2			0.2			1.71842e+22
0.2			0.25			1.65678e+22
0.2			0.3			1.61055e+22
0.2			0.35			1.58036e+22
0.2			0.4			1.56323e+22
0.2			0.45			1.55495e+22
0.2			0.5			1.55143e+22
0.2			0.55			1.54844e+22
0.2			0.6			1.53983e+22
0.2			0.65			1.51484e+22
0.2			0.7			1.45579e+22
0.2			0.75			1.33864e+22
0.2			0.8			1.13848e+22
0.2			0.85			8.40193e+21
0.2			0.9			4.50071e+21
0.2			0.95			1.51846e+19
0.2			1			0

0.25			0.05			1.84616e+22
0.25			0.1			1.79599e+22
0.25			0.15			1.72704e+22
0.25			0.2			1.65483e+22
0.25			0.25			1.59185e+22
0.25			0.3			1.5446e+22
0.25			0.35			1.51371e+22
0.25			0.4			1.49616e+22
0.25			0.45			1.48767e+22
0.25			0.5			1.48412e+22
0.25			0.55			1.4813e+22
0.25			0.6			1.4732e+22
0.25			0.65			1.44938e+22
0.25			0.7			1.39267e+22
0.25			0.75			1.27984e+22
0.25			0.8			1.08709e+22
0.25			0.85			8.00485e+21
0.25			0.9			4.27198e+21
0.25			0.95			4.53316e+18
0.25			1			0

0.3			0.05			1.80092e+22
0.3			0.1			1.74997e+22
0.3			0.15			1.67994e+22
0.3			0.2			1.60659e+22
0.3			0.25			1.5426e+22
0.3			0.3			1.49458e+22
0.3			0.35			1.46317e+22
0.3			0.4			1.44531e+22
0.3			0.45			1.43667e+22
0.3			0.5			1.4331e+22
0.3			0.55			1.43042e+22
0.3			0.6			1.42275e+22
0.3			0.65			1.39986e+22
0.3			0.7			1.34506e+22
0.3			0.75			1.23576e+22
0.3			0.8			1.04899e+22
0.3			0.85			7.7161e+21
0.3			0.9			4.11154e+21
0.3			0.95			1.42722e+18
0.3			1			0

0.35			0.05			1.7707e+22
0.35			0.1			1.71922e+22
0.35			0.15			1.64847e+22
0.35			0.2			1.57437e+22
0.35			0.25			1.50972e+22
0.35			0.3			1.4612e+22
0.35			0.35			1.42946e+22
0.35			0.4			1.41141e+22
0.35			0.45			1.40268e+22
0.35			0.5			1.3991e+22
0.35			0.55			1.39651e+22
0.35			0.6			1.38912e+22
0.35			0.65			1.36689e+22
0.35			0.7			1.31342e+22
0.35			0.75			1.20657e+22
0.35			0.8			1.02392e+22
0.35			0.85			7.52823e+21
0.35			0.9			4.00895e+21
0.35			0.95			5.10272e+17
0.35			1			0

0.4			0.05			1.75274e+22
0.4			0.1			1.70096e+22
0.4			0.15			1.62981e+22
0.4			0.2			1.55528e+22
0.4			0.25			1.49026e+22
0.4			0.3			1.44146e+22
0.4			0.35			1.40954e+22
0.4			0.4			1.39138e+22
0.4			0.45			1.3826e+22
0.4			0.5			1.37902e+22
0.4			0.55			1.37649e+22
0.4			0.6			1.36927e+22
0.4			0.65			1.34742e+22
0.4			0.7			1.29474e+22
0.4			0.75			1.18937e+22
0.4			0.8			1.00921e+22
0.4			0.85			7.41855e+21
0.4			0.9			3.94959e+21
0.4			0.95			2.36323e+17
0.4			1			0

0.45			0.05			1.74339e+22
0.45			0.1			1.69148e+22
0.45			0.15			1.62015e+22
0.45			0.2			1.54542e+22
0.45			0.25			1.48025e+22
0.45			0.3			1.43133e+22
0.45			0.35			1.39933e+22
0.45			0.4			1.38113e+22
0.45			0.45			1.37233e+22
0.45			0.5			1.36874e+22
0.45			0.55			1.36623e+22
0.45			0.6			1.35909e+22
0.45			0.65			1.33742e+22
0.45			0.7			1.28513e+22
0.45			0.75			1.1805e+22
0.45			0.8			1.00161e+22
0.45			0.85			7.362e+21
0.45			0.9			3.91908e+21
0.45			0.95			1.55938e+17
0.45			1			0

0.5			0.05			1.73988e+22
0.5			0.1			1.68795e+22
0.5			0.15			1.61659e+22
0.5			0.2			1.54184e+22
0.5			0.25			1.47665e+22
0.5			0.3			1.42772e+22
0.5			0.35			1.39571e+22
0.5			0.4			1.3775e+22
0.5			0.45			1.36869e+22
0.5			0.5			1.3651e+22
0.5			0.55			1.36259e+22
0.5			0.6			1.35544e+22
0.5			0.65			1.33379e+22
0.5			0.7			1.28158e+22
0.5			0.75			1.17716e+22
0.5			0.8			9.98695e+21
0.5			0.85			7.33997e+21
0.5			0.9			3.9071e+21
0.5			0.95			1.42076e+17
0.5			1			0

0.55			0.05			1.74117e+22
0.55			0.1			1.68932e+22
0.55			0.15			1.61807e+22
0.55			0.2			1.54344e+22
0.55			0.25			1.47834e+22
0.55			0.3			1.42948e+22
0.55			0.35			1.39752e+22
0.55			0.4			1.37934e+22
0.55			0.45			1.37054e+22
0.55			0.5			1.36693e+22
0.55			0.55			1.36437e+22
0.55			0.6			1.35713e+22
0.55			0.65			1.33533e+22
0.55			0.7			1.28289e+22
0.55			0.75			1.17818e+22
0.55			0.8			9.99414e+21
0.55			0.85			7.3444e+21
0.55			0.9			3.9092e+21
0.55			0.95			1.76979e+17
0.55			1			0

0.6			0.05			1.74825e+22
0.6			0.1			1.69659e+22
0.6			0.15			1.62561e+22
0.6			0.2			1.55126e+22
0.6			0.25			1.4864e+22
0.6			0.3			1.43772e+22
0.6			0.35			1.40588e+22
0.6			0.4			1.38776e+22
0.6			0.45			1.37897e+22
0.6			0.5			1.37533e+22
0.6			0.55			1.37266e+22
0.6			0.6			1.36518e+22
0.6			0.65			1.34296e+22
0.6			0.7			1.28986e+22
0.6			0.75			1.18423e+22
0.6			0.8			1.00427e+22
0.6			0.85			7.37867e+21
0.6			0.9			3.92716e+21
0.6			0.95			3.266e+17
0.6			1			0

0.65			0.05			1.76388e+22
0.65			0.1			1.71258e+22
0.65			0.15			1.64209e+22
0.65			0.2			1.56825e+22
0.65			0.25			1.50384e+22
0.65			0.3			1.45549e+22
0.65			0.35			1.42386e+22
0.65			0.4			1.40585e+22
0.65			0.45			1.39709e+22
0.65			0.5			1.39337e+22
0.65			0.55			1.39048e+22
0.65			0.6			1.38253e+22
0.65			0.65			1.35947e+22
0.65			0.7			1.30505e+22
0.65			0.75			1.19754e+22
0.65			0.8			1.0151e+22
0.65			0.85			7.4563e+21
0.65			0.9			3.96849e+21
0.65			0.95			8.62108e+17
0.65			1			0

0.7			0.05			1.79168e+22
0.7			0.1			1.74096e+22
0.7			0.15			1.67127e+22
0.7			0.2			1.59826e+22
0.7			0.25			1.53458e+22
0.7			0.3			1.48677e+22
0.7			0.35			1.4555e+22
0.7			0.4			1.43768e+22
0.7			0.45			1.42896e+22
0.7			0.5			1.42511e+22
0.7			0.55			1.42182e+22
0.7			0.6			1.41306e+22
0.7			0.65			1.38856e+22
0.7			0.7			1.33188e+22
0.7			0.75			1.22116e+22
0.7			0.8			1.03449e+22
0.7			0.85			7.59714e+21
0.7			0.9			4.045e+21
0.7			0.95			2.75324e+18
0.7			1			0

0.75			0.05			1.83442e+22
0.75			0.1			1.78453e+22
0.75			0.15			1.71599e+22
0.75			0.2			1.64419e+22
0.75			0.25			1.58157e+22
0.75			0.3			1.53458e+22
0.75			0.35			1.50385e+22
0.75			0.4			1.48631e+22
0.75			0.45			1.47765e+22
0.75			0.5			1.47358e+22
0.75			0.55			1.46968e+22
0.75			0.6			1.45966e+22
0.75			0.65			1.433e+22
0.75			0.7			1.37296e+22
0.75			0.75			1.2575e+22
0.75			0.8			1.06462e+22
0.75			0.85			7.82011e+21
0.75			0.9			4.17062e+21
0.75			0.95			9.44263e+18
0.75			1			0

0.8			0.05			1.89154e+22
0.8			0.1			1.84272e+22
0.8			0.15			1.77566e+22
0.8			0.2			1.70543e+22
0.8			0.25			1.64419e+22
0.8			0.3			1.59827e+22
0.8			0.35			1.56824e+22
0.8			0.4			1.55108e+22
0.8			0.45			1.54249e+22
0.8			0.5			1.53812e+22
0.8			0.55			1.53338e+22
0.8			0.6			1.52171e+22
0.8			0.65			1.49219e+22
0.8			0.7			1.4278e+22
0.8			0.75			1.30629e+22
0.8			0.8			1.1056e+22
0.8			0.85			8.13266e+21
0.8			0.9			4.35954e+21
0.8			0.95			3.31875e+19
0.8			1			0

0.85			0.05			1.95717e+22
0.85			0.1			1.90955e+22
0.85			0.15			1.84413e+22
0.85			0.2			1.77566e+22
0.85			0.25			1.71599e+22
0.85			0.3			1.67126e+22
0.85			0.35			1.64204e+22
0.85			0.4			1.62531e+22
0.85			0.45			1.6168e+22
0.85			0.5			1.61209e+22
0.85			0.55			1.60638e+22
0.85			0.6			1.5928e+22
0.85			0.65			1.56005e+22
0.85			0.7			1.4908e+22
0.85			0.75			1.36272e+22
0.85			0.8			1.15388e+22
0.85			0.85			8.51943e+21
0.85			0.9			4.62767e+21
0.85			0.95			1.17776e+20
0.85			1			0

0.9			0.05			2.01991e+22
0.9			0.1			1.97341e+22
0.9			0.15			1.90955e+22
0.9			0.2			1.84272e+22
0.9			0.25			1.78453e+22
0.9			0.3			1.74095e+22
0.9			0.35			1.71249e+22
0.9			0.4			1.69617e+22
0.9			0.45			1.68772e+22
0.9			0.5			1.68268e+22
0.9			0.55			1.67604e+22
0.9			0.6			1.66063e+22
0.9			0.65			1.62483e+22
0.9			0.7			1.55107e+22
0.9			0.75			1.41706e+22
0.9			0.8			1.20141e+22
0.9			0.85			8.92953e+21
0.9			0.9			4.99177e+21
0.9			0.95			4.2011e+20
0.9			1			0

0.95			0.05			2.06562e+22
0.95			0.1			2.01991e+22
0.95			0.15			1.95717e+22
0.95			0.2			1.89154e+22
0.95			0.25			1.83441e+22
0.95			0.3			1.79166e+22
0.95			0.35			1.76375e+22
0.95			0.4			1.74774e+22
0.95			0.45			1.73934e+22
0.95			0.5			1.73404e+22
0.95			0.55			1.72671e+22
0.95			0.6			1.70998e+22
0.95			0.65			1.67196e+22
0.95			0.7			1.59495e+22
0.95			0.75			1.45673e+22
0.95			0.8			1.23651e+22
0.95			0.85			9.25285e+21
0.95			0.9			5.39891e+21
0.95			0.95			1.50388e+21
0.95			1			0

1			0.05			2.0824e+22
1			0.1			2.03699e+22
1			0.15			1.97465e+22
1			0.2			1.90946e+22
1			0.25			1.85272e+22
1			0.3			1.81027e+22
1			0.35			1.78257e+22
1			0.4			1.76667e+22
1			0.45			1.75828e+22
1			0.5			1.75289e+22
1			0.55			1.74531e+22
1			0.6			1.72808e+22
1			0.65			1.68925e+22
1			0.7			1.611e+22
1			0.75			1.47103e+22
1			0.8			1.24804e+22
1			0.85			9.30162e+21
1			0.9			5.18481e+21
1			0.95			0
1			1			60.9619

