0.05			0.05			1.84783e+19
0.05			0.1			1.79925e+19
0.05			0.15			1.73457e+19
0.05			0.2			1.66996e+19
0.05			0.25			1.6171e+19
0.05			0.3			1.58054e+19
0.05			0.35			1.55895e+19
0.05			0.4			1.54819e+19
0.05			0.45			1.54399e+19
0.05			0.5			1.54316e+19
0.05			0.55			1.54325e+19
0.05			0.6			1.54069e+19
0.05			0.65			1.52773e+19
0.05			0.7			1.48864e+19
0.05			0.75			1.3979e+19
0.05			0.8			1.22413e+19
0.05			0.85			9.42403e+18
0.05			0.9			5.49686e+18
0.05			0.95			6.42952e+17
0.05			1			0

0.1			0.05			1.79837e+19
0.1			0.1			1.74878e+19
0.1			0.15			1.68272e+19
0.1			0.2			1.61669e+19
0.1			0.25			1.56263e+19
0.1			0.3			1.52519e+19
0.1			0.35			1.50304e+19
0.1			0.4			1.49196e+19
0.1			0.45			1.4876e+19
0.1			0.5			1.48672e+19
0.1			0.55			1.48686e+19
0.1			0.6			1.48449e+19
0.1			0.65			1.47195e+19
0.1			0.7			1.4337e+19
0.1			0.75			1.34435e+19
0.1			0.8			1.17247e+19
0.1			0.85			8.9231e+18
0.1			0.9			4.99382e+18
0.1			0.95			1.8724e+17
0.1			1			0

0.15			0.05			1.73235e+19
0.15			0.1			1.68138e+19
0.15			0.15			1.61347e+19
0.15			0.2			1.54554e+19
0.15			0.25			1.48988e+19
0.15			0.3			1.45127e+19
0.15			0.35			1.42838e+19
0.15			0.4			1.41688e+19
0.15			0.45			1.41231e+19
0.15			0.5			1.41137e+19
0.15			0.55			1.41158e+19
0.15			0.6			1.40951e+19
0.15			0.65			1.39769e+19
0.15			0.7			1.36093e+19
0.15			0.75			1.27445e+19
0.15			0.8			1.10774e+19
0.15			0.85			8.36371e+18
0.15			0.9			4.58399e+18
0.15			0.95			5.54704e+16
0.15			1			0

0.2			0.05			1.66609e+19
0.2			0.1			1.61373e+19
0.2			0.15			1.54393e+19
0.2			0.2			1.47409e+19
0.2			0.25			1.41681e+19
0.2			0.3			1.37704e+19
0.2			0.35			1.35341e+19
0.2			0.4			1.34149e+19
0.2			0.45			1.33673e+19
0.2			0.5			1.33573e+19
0.2			0.55			1.33604e+19
0.2			0.6			1.33432e+19
0.2			0.65			1.32334e+19
0.2			0.7			1.2884e+19
0.2			0.75			1.20557e+19
0.2			0.8			1.0456e+19
0.2			0.85			7.85889e+18
0.2			0.9			4.26671e+18
0.2			0.95			1.69539e+16
0.2			1			0

0.25			0.05			1.6114e+19
0.25			0.1			1.55787e+19
0.25			0.15			1.4865e+19
0.25			0.2			1.41507e+19
0.25			0.25			1.35646e+19
0.25			0.3			1.31574e+19
0.25			0.35			1.29152e+19
0.25			0.4			1.27927e+19
0.25			0.45			1.27435e+19
0.25			0.5			1.27332e+19
0.25			0.55			1.27371e+19
0.25			0.6			1.2723e+19
0.25			0.65			1.26211e+19
0.25			0.7			1.22888e+19
0.25			0.75			1.14947e+19
0.25			0.8			9.95833e+18
0.25			0.85			7.46793e+18
0.25			0.9			4.03811e+18
0.25			0.95			5.54581e+15
0.25			1			0

0.3			0.05			1.57294e+19
0.3			0.1			1.51857e+19
0.3			0.15			1.44609e+19
0.3			0.2			1.37354e+19
0.3			0.25			1.314e+19
0.3			0.3			1.27263e+19
0.3			0.35			1.24801e+19
0.3			0.4			1.23554e+19
0.3			0.45			1.23051e+19
0.3			0.5			1.22946e+19
0.3			0.55			1.22991e+19
0.3			0.6			1.22874e+19
0.3			0.65			1.21913e+19
0.3			0.7			1.1872e+19
0.3			0.75			1.11039e+19
0.3			0.8			9.61514e+18
0.3			0.85			7.20335e+18
0.3			0.9			3.88869e+18
0.3			0.95			2.11417e+15
0.3			1			0

0.35			0.05			1.5494e+19
0.35			0.1			1.49453e+19
0.35			0.15			1.42137e+19
0.35			0.2			1.34815e+19
0.35			0.25			1.28806e+19
0.35			0.3			1.24631e+19
0.35			0.35			1.22146e+19
0.35			0.4			1.20887e+19
0.35			0.45			1.20378e+19
0.35			0.5			1.20271e+19
0.35			0.55			1.20321e+19
0.35			0.6			1.20217e+19
0.35			0.65			1.19293e+19
0.35			0.7			1.16182e+19
0.35			0.75			1.08667e+19
0.35			0.8			9.40808e+18
0.35			0.85			7.04538e+18
0.35			0.9			3.80104e+18
0.35			0.95			1.06442e+15
0.35			1			0

0.4			0.05			1.53667e+19
0.4			0.1			1.48153e+19
0.4			0.15			1.40803e+19
0.4			0.2			1.33447e+19
0.4			0.25			1.27411e+19
0.4			0.3			1.23218e+19
0.4			0.35			1.20721e+19
0.4			0.4			1.19457e+19
0.4			0.45			1.18945e+19
0.4			0.5			1.18838e+19
0.4			0.55			1.18889e+19
0.4			0.6			1.18793e+19
0.4			0.65			1.17888e+19
0.4			0.7			1.14821e+19
0.4			0.75			1.07396e+19
0.4			0.8			9.29746e+18
0.4			0.85			6.96144e+18
0.4			0.9			3.75487e+18
0.4			0.95			7.38405e+14
0.4			1			0

0.45			0.05			1.53052e+19
0.45			0.1			1.47528e+19
0.45			0.15			1.40165e+19
0.45			0.2			1.32796e+19
0.45			0.25			1.2675e+19
0.45			0.3			1.2255e+19
0.45			0.35			1.2005e+19
0.45			0.4			1.18783e+19
0.45			0.45			1.18271e+19
0.45			0.5			1.18163e+19
0.45			0.55			1.18215e+19
0.45			0.6			1.18122e+19
0.45			0.65			1.17225e+19
0.45			0.7			1.14177e+19
0.45			0.75			1.06793e+19
0.45			0.8			9.24494e+18
0.45			0.85			6.9216e+18
0.45			0.9			3.73304e+18
0.45			0.95			6.37879e+14
0.45			1			0

0.5			0.05			1.52815e+19
0.5			0.1			1.4729e+19
0.5			0.15			1.39926e+19
0.5			0.2			1.32558e+19
0.5			0.25			1.26512e+19
0.5			0.3			1.22312e+19
0.5			0.35			1.19811e+19
0.5			0.4			1.18545e+19
0.5			0.45			1.18033e+19
0.5			0.5			1.17924e+19
0.5			0.55			1.17976e+19
0.5			0.6			1.17882e+19
0.5			0.65			1.16986e+19
0.5			0.7			1.13942e+19
0.5			0.75			1.06568e+19
0.5			0.8			9.22494e+18
0.5			0.85			6.90618e+18
0.5			0.9			3.7245e+18
0.5			0.95			6.15519e+14
0.5			1			0

0.55			0.05			1.52858e+19
0.55			0.1			1.47341e+19
0.55			0.15			1.39987e+19
0.55			0.2			1.32627e+19
0.55			0.25			1.26589e+19
0.55			0.3			1.22394e+19
0.55			0.35			1.19896e+19
0.55			0.4			1.18632e+19
0.55			0.45			1.1812e+19
0.55			0.5			1.18011e+19
0.55			0.55			1.18061e+19
0.55			0.6			1.17964e+19
0.55			0.65			1.17059e+19
0.55			0.7			1.14002e+19
0.55			0.75			1.06611e+19
0.55			0.8			9.22746e+18
0.55			0.85			6.90729e+18
0.55			0.9			3.72486e+18
0.55			0.95			6.45684e+14
0.55			1			0

0.6			0.05			1.53276e+19
0.6			0.1			1.47776e+19
0.6			0.15			1.40444e+19
0.6			0.2			1.33106e+19
0.6			0.25			1.27085e+19
0.6			0.3			1.22902e+19
0.6			0.35			1.20411e+19
0.6			0.4			1.1915e+19
0.6			0.45			1.18639e+19
0.6			0.5			1.1853e+19
0.6			0.55			1.18575e+19
0.6			0.6			1.18466e+19
0.6			0.65			1.17539e+19
0.6			0.7			1.14441e+19
0.6			0.75			1.06992e+19
0.6			0.8			9.25772e+18
0.6			0.85			6.92844e+18
0.6			0.9			3.7359e+18
0.6			0.95			7.9219e+14
0.6			1			0

0.65			0.05			1.54347e+19
0.65			0.1			1.4888e+19
0.65			0.15			1.41591e+19
0.65			0.2			1.34295e+19
0.65			0.25			1.28308e+19
0.65			0.3			1.24149e+19
0.65			0.35			1.21672e+19
0.65			0.4			1.20417e+19
0.65			0.45			1.19909e+19
0.65			0.5			1.19796e+19
0.65			0.55			1.19832e+19
0.65			0.6			1.19697e+19
0.65			0.65			1.18717e+19
0.65			0.7			1.15531e+19
0.65			0.75			1.07947e+19
0.65			0.8			9.33525e+18
0.65			0.85			6.98386e+18
0.65			0.9			3.76547e+18
0.65			0.95			1.3267e+15
0.65			1			0

0.7			0.05			1.56489e+19
0.7			0.1			1.51078e+19
0.7			0.15			1.43865e+19
0.7			0.2			1.36644e+19
0.7			0.25			1.30719e+19
0.7			0.3			1.26602e+19
0.7			0.35			1.24151e+19
0.7			0.4			1.22909e+19
0.7			0.45			1.22405e+19
0.7			0.5			1.22287e+19
0.7			0.55			1.223e+19
0.7			0.6			1.22115e+19
0.7			0.65			1.21036e+19
0.7			0.7			1.17679e+19
0.7			0.75			1.09842e+19
0.7			0.8			9.49067e+18
0.7			0.85			7.09672e+18
0.7			0.9			3.8271e+18
0.7			0.95			3.21426e+15
0.7			1			0

0.75			0.05			1.60113e+19
0.75			0.1			1.54791e+19
0.75			0.15			1.47696e+19
0.75			0.2			1.40595e+19
0.75			0.25			1.34768e+19
0.75			0.3			1.3072e+19
0.75			0.35			1.28311e+19
0.75			0.4			1.27091e+19
0.75			0.45			1.26593e+19
0.75			0.5			1.26465e+19
0.75			0.55			1.26441e+19
0.75			0.6			1.26169e+19
0.75			0.65			1.24923e+19
0.75			0.7			1.21289e+19
0.75			0.75			1.1304e+19
0.75			0.8			9.75569e+18
0.75			0.85			7.29289e+18
0.75			0.9			3.93823e+18
0.75			0.95			9.8448e+15
0.75			1			0

0.8			0.05			1.65352e+19
0.8			0.1			1.60152e+19
0.8			0.15			1.5322e+19
0.8			0.2			1.46284e+19
0.8			0.25			1.40595e+19
0.8			0.3			1.36645e+19
0.8			0.35			1.34297e+19
0.8			0.4			1.33109e+19
0.8			0.45			1.32619e+19
0.8			0.5			1.32475e+19
0.8			0.55			1.32396e+19
0.8			0.6			1.31997e+19
0.8			0.65			1.30514e+19
0.8			0.7			1.26487e+19
0.8			0.75			1.1767e+19
0.8			0.8			1.0144e+19
0.8			0.85			7.5886e+18
0.8			0.9			4.11744e+18
0.8			0.95			3.31676e+16
0.8			1			0

0.85			0.05			1.71757e+19
0.85			0.1			1.66699e+19
0.85			0.15			1.5996e+19
0.85			0.2			1.5322e+19
0.85			0.25			1.47696e+19
0.85			0.3			1.43865e+19
0.85			0.35			1.41591e+19
0.85			0.4			1.40442e+19
0.85			0.45			1.39963e+19
0.85			0.5			1.39798e+19
0.85			0.55			1.39648e+19
0.85			0.6			1.39095e+19
0.85			0.65			1.37322e+19
0.85			0.7			1.32828e+19
0.85			0.75			1.23347e+19
0.85			0.8			1.06278e+19
0.85			0.85			7.9739e+18
0.85			0.9			4.38282e+18
0.85			0.95			1.15497e+17
0.85			1			0

0.9			0.05			1.78168e+19
0.9			0.1			1.7325e+19
0.9			0.15			1.66699e+19
0.9			0.2			1.60152e+19
0.9			0.25			1.54791e+19
0.9			0.3			1.51078e+19
0.9			0.35			1.48879e+19
0.9			0.4			1.47768e+19
0.9			0.45			1.473e+19
0.9			0.5			1.47114e+19
0.9			0.55			1.46893e+19
0.9			0.6			1.46182e+19
0.9			0.65			1.4412e+19
0.9			0.7			1.39166e+19
0.9			0.75			1.29052e+19
0.9			0.8			1.1123e+19
0.9			0.85			8.39512e+18
0.9			0.9			4.74791e+18
0.9			0.95			4.07306e+17
0.9			1			0

0.95			0.05			1.82983e+19
0.95			0.1			1.78168e+19
0.95			0.15			1.71757e+19
0.95			0.2			1.65352e+19
0.95			0.25			1.60113e+19
0.95			0.3			1.56489e+19
0.95			0.35			1.54345e+19
0.95			0.4			1.53264e+19
0.95			0.45			1.52804e+19
0.95			0.5			1.52601e+19
0.95			0.55			1.52325e+19
0.95			0.6			1.51495e+19
0.95			0.65			1.49215e+19
0.95			0.7			1.43918e+19
0.95			0.75			1.33334e+19
0.95			0.8			1.14979e+19
0.95			0.85			8.73209e+18
0.95			0.9			5.15301e+18
0.95			0.95			1.44562e+18
0.95			1			0

1			0.05			1.84778e+19
1			0.1			1.80001e+19
1			0.15			1.73642e+19
1			0.2			1.67291e+19
1			0.25			1.62096e+19
1			0.3			1.58505e+19
1			0.35			1.56382e+19
1			0.4			1.55312e+19
1			0.45			1.54854e+19
1			0.5			1.54646e+19
1			0.55			1.54349e+19
1			0.6			1.53474e+19
1			0.65			1.51112e+19
1			0.7			1.45683e+19
1			0.75			1.34902e+19
1			0.8			1.1624e+19
1			0.85			8.78908e+18
1			0.9			4.95125e+18
1			0.95			0
1			1			52.9669

