0.05			0.05			2.12026e+06
0.05			0.1			1.93943e+06
0.05			0.15			1.78837e+06
0.05			0.2			1.71401e+06
0.05			0.25			1.69115e+06
0.05			0.3			1.68731e+06
0.05			0.35			1.68774e+06
0.05			0.4			1.68874e+06
0.05			0.45			1.6898e+06
0.05			0.5			1.69085e+06
0.05			0.55			1.69191e+06
0.05			0.6			1.69302e+06
0.05			0.65			1.69465e+06
0.05			0.7			1.69978e+06
0.05			0.75			1.71702e+06
0.05			0.8			1.74676e+06
0.05			0.85			1.70922e+06
0.05			0.9			1.35395e+06
0.05			0.95			371023
0.05			1			0

0.1			0.05			1.9378e+06
0.1			0.1			1.74162e+06
0.1			0.15			1.57619e+06
0.1			0.2			1.4934e+06
0.1			0.25			1.46715e+06
0.1			0.3			1.4623e+06
0.1			0.35			1.46244e+06
0.1			0.4			1.46329e+06
0.1			0.45			1.4642e+06
0.1			0.5			1.46512e+06
0.1			0.55			1.46604e+06
0.1			0.6			1.46701e+06
0.1			0.65			1.46865e+06
0.1			0.7			1.47436e+06
0.1			0.75			1.49376e+06
0.1			0.8			1.52746e+06
0.1			0.85			1.4922e+06
0.1			0.9			1.13505e+06
0.1			0.95			191887
0.1			1			0

0.15			0.05			1.78467e+06
0.15			0.1			1.57421e+06
0.15			0.15			1.396e+06
0.15			0.2			1.30628e+06
0.15			0.25			1.27757e+06
0.15			0.3			1.2721e+06
0.15			0.35			1.27207e+06
0.15			0.4			1.2728e+06
0.15			0.45			1.27359e+06
0.15			0.5			1.27439e+06
0.15			0.55			1.27519e+06
0.15			0.6			1.27605e+06
0.15			0.65			1.27762e+06
0.15			0.7			1.28371e+06
0.15			0.75			1.30519e+06
0.15			0.8			1.3451e+06
0.15			0.85			1.3232e+06
0.15			0.9			995634
0.15			0.95			134048
0.15			1			0

0.2			0.05			1.70817e+06
0.2			0.1			1.48946e+06
0.2			0.15			1.30445e+06
0.2			0.2			1.21151e+06
0.2			0.25			1.18189e+06
0.2			0.3			1.17626e+06
0.2			0.35			1.17616e+06
0.2			0.4			1.17683e+06
0.2			0.45			1.17757e+06
0.2			0.5			1.1783e+06
0.2			0.55			1.17904e+06
0.2			0.6			1.17984e+06
0.2			0.65			1.18135e+06
0.2			0.7			1.18749e+06
0.2			0.75			1.20979e+06
0.2			0.8			1.25309e+06
0.2			0.85			1.24024e+06
0.2			0.9			933162
0.2			0.95			116928
0.2			1			0

0.25			0.05			1.68318e+06
0.25			0.1			1.46134e+06
0.25			0.15			1.27406e+06
0.25			0.2			1.18029e+06
0.25			0.25			1.15053e+06
0.25			0.3			1.14489e+06
0.25			0.35			1.14477e+06
0.25			0.4			1.14542e+06
0.25			0.45			1.14614e+06
0.25			0.5			1.14685e+06
0.25			0.55			1.14757e+06
0.25			0.6			1.14835e+06
0.25			0.65			1.14984e+06
0.25			0.7			1.15596e+06
0.25			0.75			1.17837e+06
0.25			0.8			1.22257e+06
0.25			0.85			1.21283e+06
0.25			0.9			913298
0.25			0.95			112581
0.25			1			0

0.3			0.05			1.67724e+06
0.3			0.1			1.45467e+06
0.3			0.15			1.267e+06
0.3			0.2			1.17317e+06
0.3			0.25			1.14342e+06
0.3			0.3			1.13777e+06
0.3			0.35			1.13766e+06
0.3			0.4			1.1383e+06
0.3			0.45			1.13901e+06
0.3			0.5			1.13973e+06
0.3			0.55			1.14044e+06
0.3			0.6			1.14121e+06
0.3			0.65			1.1427e+06
0.3			0.7			1.14881e+06
0.3			0.75			1.1712e+06
0.3			0.8			1.21549e+06
0.3			0.85			1.20636e+06
0.3			0.9			908642
0.3			0.95			111689
0.3			1			0

0.35			0.05			1.67556e+06
0.35			0.1			1.45298e+06
0.35			0.15			1.26537e+06
0.35			0.2			1.1716e+06
0.35			0.25			1.14187e+06
0.35			0.3			1.13623e+06
0.35			0.35			1.13611e+06
0.35			0.4			1.13676e+06
0.35			0.45			1.13747e+06
0.35			0.5			1.13818e+06
0.35			0.55			1.13889e+06
0.35			0.6			1.13966e+06
0.35			0.65			1.14115e+06
0.35			0.7			1.14725e+06
0.35			0.75			1.16963e+06
0.35			0.8			1.21389e+06
0.35			0.85			1.20482e+06
0.35			0.9			907514
0.35			0.95			111516
0.35			1			0

0.4			0.05			1.67447e+06
0.4			0.1			1.45201e+06
0.4			0.15			1.26452e+06
0.4			0.2			1.17081e+06
0.4			0.25			1.1411e+06
0.4			0.3			1.13546e+06
0.4			0.35			1.13534e+06
0.4			0.4			1.13598e+06
0.4			0.45			1.13669e+06
0.4			0.5			1.1374e+06
0.4			0.55			1.13812e+06
0.4			0.6			1.13889e+06
0.4			0.65			1.14037e+06
0.4			0.7			1.14647e+06
0.4			0.75			1.16884e+06
0.4			0.8			1.21307e+06
0.4			0.85			1.204e+06
0.4			0.9			906900
0.4			0.95			111440
0.4			1			0

0.45			0.05			1.67342e+06
0.45			0.1			1.4511e+06
0.45			0.15			1.26372e+06
0.45			0.2			1.17007e+06
0.45			0.25			1.14038e+06
0.45			0.3			1.13474e+06
0.45			0.35			1.13462e+06
0.45			0.4			1.13527e+06
0.45			0.45			1.13598e+06
0.45			0.5			1.13669e+06
0.45			0.55			1.1374e+06
0.45			0.6			1.13817e+06
0.45			0.65			1.13966e+06
0.45			0.7			1.14575e+06
0.45			0.75			1.16811e+06
0.45			0.8			1.21231e+06
0.45			0.85			1.20325e+06
0.45			0.9			906331
0.45			0.95			111370
0.45			1			0

0.5			0.05			1.67238e+06
0.5			0.1			1.45019e+06
0.5			0.15			1.26294e+06
0.5			0.2			1.16934e+06
0.5			0.25			1.13967e+06
0.5			0.3			1.13404e+06
0.5			0.35			1.13392e+06
0.5			0.4			1.13456e+06
0.5			0.45			1.13527e+06
0.5			0.5			1.13598e+06
0.5			0.55			1.13669e+06
0.5			0.6			1.13746e+06
0.5			0.65			1.13894e+06
0.5			0.7			1.14504e+06
0.5			0.75			1.16738e+06
0.5			0.8			1.21155e+06
0.5			0.85			1.2025e+06
0.5			0.9			905765
0.5			0.95			111301
0.5			1			0

0.55			0.05			1.67133e+06
0.55			0.1			1.44929e+06
0.55			0.15			1.26215e+06
0.55			0.2			1.16861e+06
0.55			0.25			1.13896e+06
0.55			0.3			1.13333e+06
0.55			0.35			1.13321e+06
0.55			0.4			1.13385e+06
0.55			0.45			1.13456e+06
0.55			0.5			1.13527e+06
0.55			0.55			1.13598e+06
0.55			0.6			1.13675e+06
0.55			0.65			1.13823e+06
0.55			0.7			1.14432e+06
0.55			0.75			1.16665e+06
0.55			0.8			1.21079e+06
0.55			0.85			1.20175e+06
0.55			0.9			905199
0.55			0.95			111229
0.55			1			0

0.6			0.05			1.67029e+06
0.6			0.1			1.44838e+06
0.6			0.15			1.26136e+06
0.6			0.2			1.16788e+06
0.6			0.25			1.13825e+06
0.6			0.3			1.13262e+06
0.6			0.35			1.1325e+06
0.6			0.4			1.13315e+06
0.6			0.45			1.13385e+06
0.6			0.5			1.13456e+06
0.6			0.55			1.13527e+06
0.6			0.6			1.13604e+06
0.6			0.65			1.13752e+06
0.6			0.7			1.14361e+06
0.6			0.75			1.16592e+06
0.6			0.8			1.21004e+06
0.6			0.85			1.201e+06
0.6			0.9			904620
0.6			0.95			111128
0.6			1			0

0.65			0.05			1.66929e+06
0.65			0.1			1.44754e+06
0.65			0.15			1.26063e+06
0.65			0.2			1.16722e+06
0.65			0.25			1.1376e+06
0.65			0.3			1.13197e+06
0.65			0.35			1.13186e+06
0.65			0.4			1.1325e+06
0.65			0.45			1.13321e+06
0.65			0.5			1.13392e+06
0.65			0.55			1.13463e+06
0.65			0.6			1.1354e+06
0.65			0.65			1.13687e+06
0.65			0.7			1.14296e+06
0.65			0.75			1.16525e+06
0.65			0.8			1.20934e+06
0.65			0.85			1.20025e+06
0.65			0.9			903876
0.65			0.95			110837
0.65			1			0

0.7			0.05			1.66887e+06
0.7			0.1			1.44741e+06
0.7			0.15			1.26067e+06
0.7			0.2			1.16731e+06
0.7			0.25			1.13771e+06
0.7			0.3			1.13209e+06
0.7			0.35			1.13197e+06
0.7			0.4			1.13262e+06
0.7			0.45			1.13333e+06
0.7			0.5			1.13404e+06
0.7			0.55			1.13475e+06
0.7			0.6			1.13552e+06
0.7			0.65			1.13699e+06
0.7			0.7			1.14307e+06
0.7			0.75			1.16536e+06
0.7			0.8			1.20931e+06
0.7			0.85			1.1996e+06
0.7			0.9			902349
0.7			0.95			109889
0.7			1			0

0.75			0.05			1.67267e+06
0.75			0.1			1.4522e+06
0.75			0.15			1.26609e+06
0.75			0.2			1.1729e+06
0.75			0.25			1.14332e+06
0.75			0.3			1.13771e+06
0.75			0.35			1.1376e+06
0.75			0.4			1.13825e+06
0.75			0.45			1.13896e+06
0.75			0.5			1.13967e+06
0.75			0.55			1.14038e+06
0.75			0.6			1.14116e+06
0.75			0.65			1.14264e+06
0.75			0.7			1.14871e+06
0.75			0.75			1.17085e+06
0.75			0.8			1.21367e+06
0.75			0.85			1.20058e+06
0.75			0.9			899349
0.75			0.95			107706
0.75			1			0

0.8			0.05			1.6953e+06
0.8			0.1			1.4782e+06
0.8			0.15			1.29455e+06
0.8			0.2			1.2023e+06
0.8			0.25			1.1729e+06
0.8			0.3			1.16731e+06
0.8			0.35			1.16722e+06
0.8			0.4			1.16788e+06
0.8			0.45			1.16861e+06
0.8			0.5			1.16934e+06
0.8			0.55			1.17008e+06
0.8			0.6			1.17087e+06
0.8			0.65			1.17237e+06
0.8			0.7			1.17835e+06
0.8			0.75			1.19931e+06
0.8			0.8			1.23688e+06
0.8			0.85			1.21191e+06
0.8			0.9			898173
0.8			0.95			105313
0.8			1			0

0.85			0.05			1.76891e+06
0.85			0.1			1.56021e+06
0.85			0.15			1.38351e+06
0.85			0.2			1.29455e+06
0.85			0.25			1.26609e+06
0.85			0.3			1.26067e+06
0.85			0.35			1.26063e+06
0.85			0.4			1.26136e+06
0.85			0.45			1.26215e+06
0.85			0.5			1.26294e+06
0.85			0.55			1.26373e+06
0.85			0.6			1.26458e+06
0.85			0.65			1.26608e+06
0.85			0.7			1.27135e+06
0.85			0.75			1.2878e+06
0.85			0.8			1.31017e+06
0.85			0.85			1.25588e+06
0.85			0.9			913155
0.85			0.95			110983
0.85			1			0

0.9			0.05			1.91846e+06
0.9			0.1			1.7241e+06
0.9			0.15			1.56021e+06
0.9			0.2			1.4782e+06
0.9			0.25			1.4522e+06
0.9			0.3			1.44741e+06
0.9			0.35			1.44754e+06
0.9			0.4			1.44838e+06
0.9			0.45			1.44929e+06
0.9			0.5			1.45019e+06
0.9			0.55			1.4511e+06
0.9			0.6			1.45205e+06
0.9			0.65			1.45339e+06
0.9			0.7			1.45653e+06
0.9			0.75			1.46287e+06
0.9			0.8			1.45627e+06
0.9			0.85			1.35158e+06
0.9			0.9			964508
0.9			0.95			156642
0.9			1			0

0.95			0.05			2.09749e+06
0.95			0.1			1.91846e+06
0.95			0.15			1.76891e+06
0.95			0.2			1.6953e+06
0.95			0.25			1.67267e+06
0.95			0.3			1.66887e+06
0.95			0.35			1.66929e+06
0.95			0.4			1.67029e+06
0.95			0.45			1.67133e+06
0.95			0.5			1.67238e+06
0.95			0.55			1.67342e+06
0.95			0.6			1.67446e+06
0.95			0.65			1.67538e+06
0.95			0.7			1.67527e+06
0.95			0.75			1.66835e+06
0.95			0.8			1.62684e+06
0.95			0.85			1.46462e+06
0.95			0.9			1.03957e+06
0.95			0.95			348902
0.95			1			0

1			0.05			2.18171e+06
1			0.1			2.0095e+06
1			0.15			1.86646e+06
1			0.2			1.7968e+06
1			0.25			1.77584e+06
1			0.3			1.77257e+06
1			0.35			1.77316e+06
1			0.4			1.77424e+06
1			0.45			1.77535e+06
1			0.5			1.77646e+06
1			0.55			1.77756e+06
1			0.6			1.77862e+06
1			0.65			1.77925e+06
1			0.7			1.77731e+06
1			0.75			1.76322e+06
1			0.8			1.702e+06
1			0.85			1.49779e+06
1			0.9			982658
1			0.95			0
1			1			18.9881

