0.05			0.05			7.65973e+10
0.05			0.1			7.27889e+10
0.05			0.15			6.85238e+10
0.05			0.2			6.52443e+10
0.05			0.25			6.33621e+10
0.05			0.3			6.25398e+10
0.05			0.35			6.22764e+10
0.05			0.4			6.22321e+10
0.05			0.45			6.22534e+10
0.05			0.5			6.22918e+10
0.05			0.55			6.23438e+10
0.05			0.6			6.24357e+10
0.05			0.65			6.26163e+10
0.05			0.7			6.28444e+10
0.05			0.75			6.25649e+10
0.05			0.8			5.99505e+10
0.05			0.85			5.15528e+10
0.05			0.9			3.37312e+10
0.05			0.95			5.45188e+09
0.05			1			0

0.1			0.05			7.27417e+10
0.1			0.1			6.87644e+10
0.1			0.15			6.43017e+10
0.1			0.2			6.08596e+10
0.1			0.25			5.88742e+10
0.1			0.3			5.79993e+10
0.1			0.35			5.77133e+10
0.1			0.4			5.76599e+10
0.1			0.45			5.76768e+10
0.1			0.5			5.77123e+10
0.1			0.55			5.77626e+10
0.1			0.6			5.7856e+10
0.1			0.65			5.80457e+10
0.1			0.7			5.82956e+10
0.1			0.75			5.805e+10
0.1			0.8			5.54661e+10
0.1			0.85			4.70758e+10
0.1			0.9			2.9309e+10
0.1			0.95			1.95692e+09
0.1			1			0

0.15			0.05			6.841e+10
0.15			0.1			6.42361e+10
0.15			0.15			5.95455e+10
0.15			0.2			5.59186e+10
0.15			0.25			5.38183e+10
0.15			0.3			5.28865e+10
0.15			0.35			5.25768e+10
0.15			0.4			5.25139e+10
0.15			0.45			5.25262e+10
0.15			0.5			5.25585e+10
0.15			0.55			5.26068e+10
0.15			0.6			5.27021e+10
0.15			0.65			5.29046e+10
0.15			0.7			5.31925e+10
0.15			0.75			5.3034e+10
0.15			0.8			5.0636e+10
0.15			0.85			4.26625e+10
0.15			0.9			2.58885e+10
0.15			0.95			8.35888e+08
0.15			1			0

0.2			0.05			6.50549e+10
0.2			0.1			6.07208e+10
0.2			0.15			5.58474e+10
0.2			0.2			5.20755e+10
0.2			0.25			4.98882e+10
0.2			0.3			4.89149e+10
0.2			0.35			4.85888e+10
0.2			0.4			4.85195e+10
0.2			0.45			4.85285e+10
0.2			0.5			4.85582e+10
0.2			0.55			4.86049e+10
0.2			0.6			4.87012e+10
0.2			0.65			4.89142e+10
0.2			0.7			4.92373e+10
0.2			0.75			4.91702e+10
0.2			0.8			4.69845e+10
0.2			0.85			3.94834e+10
0.2			0.9			2.37016e+10
0.2			0.95			4.71585e+08
0.2			1			0

0.25			0.05			6.30945e+10
0.25			0.1			5.86612e+10
0.25			0.15			5.36768e+10
0.25			0.2			4.982e+10
0.25			0.25			4.75839e+10
0.25			0.3			4.6589e+10
0.25			0.35			4.62547e+10
0.25			0.4			4.61824e+10
0.25			0.45			4.61896e+10
0.25			0.5			4.62179e+10
0.25			0.55			4.62633e+10
0.25			0.6			4.63598e+10
0.25			0.65			4.65782e+10
0.25			0.7			4.69223e+10
0.25			0.75			4.69148e+10
0.25			0.8			4.48743e+10
0.25			0.85			3.76926e+10
0.25			0.9			2.2541e+10
0.25			0.95			3.53551e+08
0.25			1			0

0.3			0.05			6.21941e+10
0.3			0.1			5.77131e+10
0.3			0.15			5.2677e+10
0.3			0.2			4.87825e+10
0.3			0.25			4.65263e+10
0.3			0.3			4.5523e+10
0.3			0.35			4.5186e+10
0.3			0.4			4.51125e+10
0.3			0.45			4.51191e+10
0.3			0.5			4.51467e+10
0.3			0.55			4.51915e+10
0.3			0.6			4.52878e+10
0.3			0.65			4.55079e+10
0.3			0.7			4.58605e+10
0.3			0.75			4.58801e+10
0.3			0.8			4.39095e+10
0.3			0.85			3.68835e+10
0.3			0.9			2.20317e+10
0.3			0.95			3.16295e+08
0.3			1			0

0.35			0.05			6.18529e+10
0.35			0.1			5.73547e+10
0.35			0.15			5.23009e+10
0.35			0.2			4.83944e+10
0.35			0.25			4.61325e+10
0.35			0.3			4.51273e+10
0.35			0.35			4.47897e+10
0.35			0.4			4.4716e+10
0.35			0.45			4.47223e+10
0.35			0.5			4.47496e+10
0.35			0.55			4.47942e+10
0.35			0.6			4.48903e+10
0.35			0.65			4.51106e+10
0.35			0.7			4.54655e+10
0.35			0.75			4.5494e+10
0.35			0.8			4.35487e+10
0.35			0.85			3.65819e+10
0.35			0.9			2.18442e+10
0.35			0.95			3.0512e+08
0.35			1			0

0.4			0.05			6.1731e+10
0.4			0.1			5.72292e+10
0.4			0.15			5.21723e+10
0.4			0.2			4.82643e+10
0.4			0.25			4.6002e+10
0.4			0.3			4.49969e+10
0.4			0.35			4.46593e+10
0.4			0.4			4.45856e+10
0.4			0.45			4.45918e+10
0.4			0.5			4.46191e+10
0.4			0.55			4.46636e+10
0.4			0.6			4.47596e+10
0.4			0.65			4.49798e+10
0.4			0.7			4.53349e+10
0.4			0.75			4.53655e+10
0.4			0.8			4.34278e+10
0.4			0.85			3.64804e+10
0.4			0.9			2.17815e+10
0.4			0.95			3.01964e+08
0.4			1			0

0.45			0.05			6.16746e+10
0.45			0.1			5.7174e+10
0.45			0.15			5.21188e+10
0.45			0.2			4.82123e+10
0.45			0.25			4.59512e+10
0.45			0.3			4.49466e+10
0.45			0.35			4.46092e+10
0.45			0.4			4.45355e+10
0.45			0.45			4.45417e+10
0.45			0.5			4.4569e+10
0.45			0.55			4.46134e+10
0.45			0.6			4.47093e+10
0.45			0.65			4.49294e+10
0.45			0.7			4.52843e+10
0.45			0.75			4.53152e+10
0.45			0.8			4.33799e+10
0.45			0.85			3.64401e+10
0.45			0.9			2.17568e+10
0.45			0.95			3.01046e+08
0.45			1			0

0.5			0.05			6.16335e+10
0.5			0.1			5.71354e+10
0.5			0.15			5.20831e+10
0.5			0.2			4.8179e+10
0.5			0.25			4.59192e+10
0.5			0.3			4.49153e+10
0.5			0.35			4.45781e+10
0.5			0.4			4.45045e+10
0.5			0.45			4.45106e+10
0.5			0.5			4.45379e+10
0.5			0.55			4.45823e+10
0.5			0.6			4.46781e+10
0.5			0.65			4.4898e+10
0.5			0.7			4.52527e+10
0.5			0.75			4.52836e+10
0.5			0.8			4.33496e+10
0.5			0.85			3.64142e+10
0.5			0.9			2.1741e+10
0.5			0.95			3.0059e+08
0.5			1			0

0.55			0.05			6.15975e+10
0.55			0.1			5.71025e+10
0.55			0.15			5.20536e+10
0.55			0.2			4.8152e+10
0.55			0.25			4.58937e+10
0.55			0.3			4.48904e+10
0.55			0.35			4.45535e+10
0.55			0.4			4.44799e+10
0.55			0.45			4.4486e+10
0.55			0.5			4.45133e+10
0.55			0.55			4.45576e+10
0.55			0.6			4.46534e+10
0.55			0.65			4.48732e+10
0.55			0.7			4.52276e+10
0.55			0.75			4.52581e+10
0.55			0.8			4.33243e+10
0.55			0.85			3.63916e+10
0.55			0.9			2.17264e+10
0.55			0.95			2.9999e+08
0.55			1			0

0.6			0.05			6.15767e+10
0.6			0.1			5.70861e+10
0.6			0.15			5.20418e+10
0.6			0.2			4.81435e+10
0.6			0.25			4.58869e+10
0.6			0.3			4.48843e+10
0.6			0.35			4.45476e+10
0.6			0.4			4.44741e+10
0.6			0.45			4.44802e+10
0.6			0.5			4.45075e+10
0.6			0.55			4.45518e+10
0.6			0.6			4.46476e+10
0.6			0.65			4.48671e+10
0.6			0.7			4.52207e+10
0.6			0.75			4.52489e+10
0.6			0.8			4.3311e+10
0.6			0.85			3.63749e+10
0.6			0.9			2.17129e+10
0.6			0.95			2.98988e+08
0.6			1			0

0.65			0.05			6.16207e+10
0.65			0.1			5.71392e+10
0.65			0.15			5.21043e+10
0.65			0.2			4.82123e+10
0.65			0.25			4.59588e+10
0.65			0.3			4.49574e+10
0.65			0.35			4.4621e+10
0.65			0.4			4.45476e+10
0.65			0.45			4.45539e+10
0.65			0.5			4.45811e+10
0.65			0.55			4.46255e+10
0.65			0.6			4.47212e+10
0.65			0.65			4.49399e+10
0.65			0.7			4.52899e+10
0.65			0.75			4.53078e+10
0.65			0.8			4.33498e+10
0.65			0.85			3.63892e+10
0.65			0.9			2.17117e+10
0.65			0.95			2.98204e+08
0.65			1			0

0.7			0.05			6.18815e+10
0.7			0.1			5.74226e+10
0.7			0.15			5.24114e+10
0.7			0.2			4.85361e+10
0.7			0.25			4.62911e+10
0.7			0.3			4.52928e+10
0.7			0.35			4.49574e+10
0.7			0.4			4.48844e+10
0.7			0.45			4.48908e+10
0.7			0.5			4.49183e+10
0.7			0.55			4.49628e+10
0.7			0.6			4.5058e+10
0.7			0.65			4.52731e+10
0.7			0.7			4.56093e+10
0.7			0.75			4.5591e+10
0.7			0.8			4.35664e+10
0.7			0.85			3.65205e+10
0.7			0.9			2.17688e+10
0.7			0.95			3.02317e+08
0.7			1			0

0.75			0.05			6.26958e+10
0.75			0.1			5.82894e+10
0.75			0.15			5.33355e+10
0.75			0.2			4.95023e+10
0.75			0.25			4.72799e+10
0.75			0.3			4.62911e+10
0.75			0.35			4.59589e+10
0.75			0.4			4.5887e+10
0.75			0.45			4.58941e+10
0.75			0.5			4.59222e+10
0.75			0.55			4.59669e+10
0.75			0.6			4.60597e+10
0.75			0.65			4.62624e+10
0.75			0.7			4.65572e+10
0.75			0.75			4.644e+10
0.75			0.8			4.4242e+10
0.75			0.85			3.69743e+10
0.75			0.9			2.20065e+10
0.75			0.95			3.31293e+08
0.75			1			0

0.8			0.05			6.456e+10
0.8			0.1			6.02569e+10
0.8			0.15			5.54185e+10
0.8			0.2			5.16738e+10
0.8			0.25			4.95023e+10
0.8			0.3			4.85361e+10
0.8			0.35			4.82123e+10
0.8			0.4			4.81436e+10
0.8			0.45			4.81524e+10
0.8			0.5			4.81817e+10
0.8			0.55			4.82262e+10
0.8			0.6			4.83119e+10
0.8			0.65			4.84827e+10
0.8			0.7			4.86816e+10
0.8			0.75			4.83504e+10
0.8			0.8			4.57946e+10
0.8			0.85			3.80766e+10
0.8			0.9			2.26504e+10
0.8			0.95			4.57722e+08
0.8			1			0

0.85			0.05			6.78081e+10
0.85			0.1			6.36681e+10
0.85			0.15			5.90158e+10
0.85			0.2			5.54185e+10
0.85			0.25			5.33355e+10
0.85			0.3			5.24114e+10
0.85			0.35			5.21043e+10
0.85			0.4			5.20419e+10
0.85			0.45			5.20539e+10
0.85			0.5			5.20852e+10
0.85			0.55			5.21282e+10
0.85			0.6			5.21982e+10
0.85			0.65			5.23078e+10
0.85			0.7			5.23357e+10
0.85			0.75			5.16436e+10
0.85			0.8			4.85091e+10
0.85			0.85			4.00917e+10
0.85			0.9			2.39797e+10
0.85			0.95			9.32048e+08
0.85			1			0

0.9			0.05			7.20326e+10
0.9			0.1			6.80909e+10
0.9			0.15			6.36681e+10
0.9			0.2			6.02569e+10
0.9			0.25			5.82894e+10
0.9			0.3			5.74226e+10
0.9			0.35			5.71392e+10
0.9			0.4			5.70861e+10
0.9			0.45			5.71027e+10
0.9			0.5			5.71362e+10
0.9			0.55			5.7176e+10
0.9			0.6			5.72221e+10
0.9			0.65			5.72454e+10
0.9			0.7			5.7045e+10
0.9			0.75			5.58893e+10
0.9			0.8			5.20412e+10
0.9			0.85			4.28309e+10
0.9			0.9			2.61452e+10
0.9			0.95			2.61047e+09
0.9			1			0

0.95			0.05			7.58049e+10
0.95			0.1			7.20326e+10
0.95			0.15			6.78081e+10
0.95			0.2			6.456e+10
0.95			0.25			6.26958e+10
0.95			0.3			6.18815e+10
0.95			0.35			6.16207e+10
0.95			0.4			6.15767e+10
0.95			0.45			6.15974e+10
0.95			0.5			6.16328e+10
0.95			0.55			6.16687e+10
0.95			0.6			6.16909e+10
0.95			0.65			6.16321e+10
0.95			0.7			6.12205e+10
0.95			0.75			5.96437e+10
0.95			0.8			5.51572e+10
0.95			0.85			4.52945e+10
0.95			0.9			2.86291e+10
0.95			0.95			8.43749e+09
0.95			1			0

1			0.05			7.73382e+10
1			0.1			7.36333e+10
1			0.15			6.9488e+10
1			0.2			6.63056e+10
1			0.25			6.44835e+10
1			0.3			6.36908e+10
1			0.35			6.34394e+10
1			0.4			6.33992e+10
1			0.45			6.34217e+10
1			0.5			6.34577e+10
1			0.55			6.34919e+10
1			0.6			6.35037e+10
1			0.65			6.34097e+10
1			0.7			6.29077e+10
1			0.75			6.11432e+10
1			0.8			5.6324e+10
1			0.85			4.58462e+10
1			0.9			2.74692e+10
1			0.95			0
1			1			30.9806

