0.05			0.05			56.9644
0.05			0.1			47.0019
0.05			0.15			45.0319
0.05			0.2			45.0601
0.05			0.25			45.0882
0.05			0.3			45.1164
0.05			0.35			45.1446
0.05			0.4			45.1728
0.05			0.45			45.2011
0.05			0.5			45.2293
0.05			0.55			45.2576
0.05			0.6			45.2859
0.05			0.65			45.3142
0.05			0.7			45.3426
0.05			0.75			45.3709
0.05			0.8			45.3993
0.05			0.85			47.4484
0.05			0.9			55.5566
0.05			0.95			47.4907
0.05			1			0

0.1			0.05			46.9394
0.1			0.1			32.9794
0.1			0.15			31.0019
0.1			0.2			31.0213
0.1			0.25			31.0407
0.1			0.3			31.0601
0.1			0.35			31.0795
0.1			0.4			31.0989
0.1			0.45			31.1184
0.1			0.5			31.1378
0.1			0.55			31.1573
0.1			0.6			31.1768
0.1			0.65			31.1963
0.1			0.7			31.2158
0.1			0.75			31.2353
0.1			0.8			31.2548
0.1			0.85			33.2938
0.1			0.9			45.4296
0.1			0.95			41.4026
0.1			1			0

0.15			0.05			44.912
0.15			0.1			30.9594
0.15			0.15			28.9819
0.15			0.2			29
0.15			0.25			29.0181
0.15			0.3			29.0363
0.15			0.35			29.0544
0.15			0.4			29.0726
0.15			0.45			29.0908
0.15			0.5			29.109
0.15			0.55			29.1272
0.15			0.6			29.1454
0.15			0.65			29.1636
0.15			0.7			29.1818
0.15			0.75			29.2001
0.15			0.8			29.2183
0.15			0.85			31.2548
0.15			0.9			43.3817
0.15			0.95			41.3767
0.15			1			0

0.2			0.05			44.8839
0.2			0.1			30.9401
0.2			0.15			28.9638
0.2			0.2			28.9819
0.2			0.25			29
0.2			0.3			29.0181
0.2			0.35			29.0363
0.2			0.4			29.0544
0.2			0.45			29.0726
0.2			0.5			29.0908
0.2			0.55			29.109
0.2			0.6			29.1272
0.2			0.65			29.1454
0.2			0.7			29.1636
0.2			0.75			29.1818
0.2			0.8			29.2001
0.2			0.85			31.2353
0.2			0.9			43.3546
0.2			0.95			41.3509
0.2			1			0

0.25			0.05			44.8559
0.25			0.1			30.9207
0.25			0.15			28.9457
0.25			0.2			28.9638
0.25			0.25			28.9819
0.25			0.3			29
0.25			0.35			29.0181
0.25			0.4			29.0363
0.25			0.45			29.0544
0.25			0.5			29.0726
0.25			0.55			29.0908
0.25			0.6			29.109
0.25			0.65			29.1272
0.25			0.7			29.1454
0.25			0.75			29.1636
0.25			0.8			29.1818
0.25			0.85			31.2158
0.25			0.9			43.3275
0.25			0.95			41.325
0.25			1			0

0.3			0.05			44.8278
0.3			0.1			30.9014
0.3			0.15			28.9276
0.3			0.2			28.9457
0.3			0.25			28.9638
0.3			0.3			28.9819
0.3			0.35			29
0.3			0.4			29.0181
0.3			0.45			29.0363
0.3			0.5			29.0544
0.3			0.55			29.0726
0.3			0.6			29.0908
0.3			0.65			29.109
0.3			0.7			29.1272
0.3			0.75			29.1454
0.3			0.8			29.1636
0.3			0.85			31.1963
0.3			0.9			43.3004
0.3			0.95			41.2992
0.3			1			0

0.35			0.05			44.7998
0.35			0.1			30.8821
0.35			0.15			28.9095
0.35			0.2			28.9276
0.35			0.25			28.9457
0.35			0.3			28.9638
0.35			0.35			28.9819
0.35			0.4			29
0.35			0.45			29.0181
0.35			0.5			29.0363
0.35			0.55			29.0544
0.35			0.6			29.0726
0.35			0.65			29.0908
0.35			0.7			29.109
0.35			0.75			29.1272
0.35			0.8			29.1454
0.35			0.85			31.1768
0.35			0.9			43.2734
0.35			0.95			41.2734
0.35			1			0

0.4			0.05			44.7718
0.4			0.1			30.8628
0.4			0.15			28.8915
0.4			0.2			28.9095
0.4			0.25			28.9276
0.4			0.3			28.9457
0.4			0.35			28.9638
0.4			0.4			28.9819
0.4			0.45			29
0.4			0.5			29.0181
0.4			0.55			29.0363
0.4			0.6			29.0544
0.4			0.65			29.0726
0.4			0.7			29.0908
0.4			0.75			29.109
0.4			0.8			29.1272
0.4			0.85			31.1573
0.4			0.9			43.2463
0.4			0.95			41.2476
0.4			1			0

0.45			0.05			44.7439
0.45			0.1			30.8435
0.45			0.15			28.8734
0.45			0.2			28.8915
0.45			0.25			28.9095
0.45			0.3			28.9276
0.45			0.35			28.9457
0.45			0.4			28.9638
0.45			0.45			28.9819
0.45			0.5			29
0.45			0.55			29.0181
0.45			0.6			29.0363
0.45			0.65			29.0544
0.45			0.7			29.0726
0.45			0.75			29.0908
0.45			0.8			29.109
0.45			0.85			31.1378
0.45			0.9			43.2193
0.45			0.95			41.2219
0.45			1			0

0.5			0.05			44.7159
0.5			0.1			30.8243
0.5			0.15			28.8554
0.5			0.2			28.8734
0.5			0.25			28.8915
0.5			0.3			28.9095
0.5			0.35			28.9276
0.5			0.4			28.9457
0.5			0.45			28.9638
0.5			0.5			28.9819
0.5			0.55			29
0.5			0.6			29.0181
0.5			0.65			29.0363
0.5			0.7			29.0544
0.5			0.75			29.0726
0.5			0.8			29.0908
0.5			0.85			31.1184
0.5			0.9			43.1923
0.5			0.95			41.1961
0.5			1			0

0.55			0.05			44.688
0.55			0.1			30.805
0.55			0.15			28.8373
0.55			0.2			28.8554
0.55			0.25			28.8734
0.55			0.3			28.8915
0.55			0.35			28.9095
0.55			0.4			28.9276
0.55			0.45			28.9457
0.55			0.5			28.9638
0.55			0.55			28.9819
0.55			0.6			29
0.55			0.65			29.0181
0.55			0.7			29.0363
0.55			0.75			29.0544
0.55			0.8			29.0726
0.55			0.85			31.0989
0.55			0.9			43.1653
0.55			0.95			41.1704
0.55			1			0

0.6			0.05			44.6601
0.6			0.1			30.7858
0.6			0.15			28.8193
0.6			0.2			28.8373
0.6			0.25			28.8554
0.6			0.3			28.8734
0.6			0.35			28.8915
0.6			0.4			28.9095
0.6			0.45			28.9276
0.6			0.5			28.9457
0.6			0.55			28.9638
0.6			0.6			28.9819
0.6			0.65			29
0.6			0.7			29.0181
0.6			0.75			29.0363
0.6			0.8			29.0544
0.6			0.85			31.0795
0.6			0.9			43.1384
0.6			0.95			41.1446
0.6			1			0

0.65			0.05			44.6321
0.65			0.1			30.7665
0.65			0.15			28.8013
0.65			0.2			28.8193
0.65			0.25			28.8373
0.65			0.3			28.8554
0.65			0.35			28.8734
0.65			0.4			28.8915
0.65			0.45			28.9095
0.65			0.5			28.9276
0.65			0.55			28.9457
0.65			0.6			28.9638
0.65			0.65			28.9819
0.65			0.7			29
0.65			0.75			29.0181
0.65			0.8			29.0363
0.65			0.85			31.0601
0.65			0.9			43.1114
0.65			0.95			41.1189
0.65			1			0

0.7			0.05			44.6043
0.7			0.1			30.7473
0.7			0.15			28.7833
0.7			0.2			28.8013
0.7			0.25			28.8193
0.7			0.3			28.8373
0.7			0.35			28.8554
0.7			0.4			28.8734
0.7			0.45			28.8915
0.7			0.5			28.9095
0.7			0.55			28.9276
0.7			0.6			28.9457
0.7			0.65			28.9638
0.7			0.7			28.9819
0.7			0.75			29
0.7			0.8			29.0181
0.7			0.85			31.0407
0.7			0.9			43.0845
0.7			0.95			41.0932
0.7			1			0

0.75			0.05			44.5764
0.75			0.1			30.7281
0.75			0.15			28.7653
0.75			0.2			28.7833
0.75			0.25			28.8013
0.75			0.3			28.8193
0.75			0.35			28.8373
0.75			0.4			28.8554
0.75			0.45			28.8734
0.75			0.5			28.8915
0.75			0.55			28.9095
0.75			0.6			28.9276
0.75			0.65			28.9457
0.75			0.7			28.9638
0.75			0.75			28.9819
0.75			0.8			29
0.75			0.85			31.0213
0.75			0.9			43.0576
0.75			0.95			41.0676
0.75			1			0

0.8			0.05			44.5485
0.8			0.1			30.7089
0.8			0.15			28.7474
0.8			0.2			28.7653
0.8			0.25			28.7833
0.8			0.3			28.8013
0.8			0.35			28.8193
0.8			0.4			28.8373
0.8			0.45			28.8554
0.8			0.5			28.8734
0.8			0.55			28.8915
0.8			0.6			28.9095
0.8			0.65			28.9276
0.8			0.7			28.9457
0.8			0.75			28.9638
0.8			0.8			28.9819
0.8			0.85			31.0019
0.8			0.9			43.0306
0.8			0.95			41.0419
0.8			1			0

0.85			0.05			44.5207
0.85			0.1			30.6897
0.85			0.15			28.7294
0.85			0.2			28.7474
0.85			0.25			28.7653
0.85			0.3			28.7833
0.85			0.35			28.8013
0.85			0.4			28.8193
0.85			0.45			28.8373
0.85			0.5			28.8554
0.85			0.55			28.8734
0.85			0.6			28.8915
0.85			0.65			28.9095
0.85			0.7			28.9276
0.85			0.75			28.9457
0.85			0.8			28.9638
0.85			0.85			30.9825
0.85			0.9			43.0038
0.85			0.95			39.0181
0.85			1			0

0.9			0.05			46.4687
0.9			0.1			32.6475
0.9			0.15			30.6897
0.9			0.2			30.7089
0.9			0.25			30.7281
0.9			0.3			30.7473
0.9			0.35			30.7665
0.9			0.4			30.7858
0.9			0.45			30.805
0.9			0.5			30.8243
0.9			0.55			30.8435
0.9			0.6			30.8628
0.9			0.65			30.8821
0.9			0.7			30.9014
0.9			0.75			30.9207
0.9			0.8			30.9401
0.9			0.85			32.9588
0.9			0.9			40.9775
0.9			0.95			31.0013
0.9			1			0

0.95			0.05			56.3247
0.95			0.1			46.4687
0.95			0.15			44.5207
0.95			0.2			44.5485
0.95			0.25			44.5764
0.95			0.3			44.6043
0.95			0.35			44.6321
0.95			0.4			44.6601
0.95			0.45			44.688
0.95			0.5			44.7159
0.95			0.55			44.7439
0.95			0.6			44.7718
0.95			0.65			44.7998
0.95			0.7			44.8278
0.95			0.75			44.8559
0.95			0.8			44.8839
0.95			0.85			44.912
0.95			0.9			41.945
0.95			0.95			24.9856
0.95			1			0

1			0.05			70.1483
1			0.1			62.2786
1			0.15			62.3169
1			0.2			62.3558
1			0.25			62.3948
1			0.3			62.4338
1			0.35			62.4729
1			0.4			62.5119
1			0.45			62.551
1			0.5			62.5901
1			0.55			62.6292
1			0.6			62.6684
1			0.65			62.7076
1			0.7			62.7468
1			0.75			62.786
1			0.8			62.8253
1			0.85			59.8677
1			0.9			43.9226
1			0.95			0
1			1			6.99563

