0.05			0.05			2.30824e+09
0.05			0.1			2.17396e+09
0.05			0.15			2.03308e+09
0.05			0.2			1.93497e+09
0.05			0.25			1.88581e+09
0.05			0.3			1.86794e+09
0.05			0.35			1.86369e+09
0.05			0.4			1.8637e+09
0.05			0.45			1.86469e+09
0.05			0.5			1.86585e+09
0.05			0.55			1.86717e+09
0.05			0.6			1.86923e+09
0.05			0.65			1.87389e+09
0.05			0.7			1.88363e+09
0.05			0.75			1.89166e+09
0.05			0.8			1.8531e+09
0.05			0.85			1.65268e+09
0.05			0.9			1.13239e+09
0.05			0.95			2.09126e+08
0.05			1			0

0.1			0.05			2.17244e+09
0.1			0.1			2.03098e+09
0.1			0.15			1.88212e+09
0.1			0.2			1.77794e+09
0.1			0.25			1.72532e+09
0.1			0.3			1.70589e+09
0.1			0.35			1.70106e+09
0.1			0.4			1.70084e+09
0.1			0.45			1.70171e+09
0.1			0.5			1.70277e+09
0.1			0.55			1.70401e+09
0.1			0.6			1.70606e+09
0.1			0.65			1.71095e+09
0.1			0.7			1.72141e+09
0.1			0.75			1.73067e+09
0.1			0.8			1.69312e+09
0.1			0.85			1.49206e+09
0.1			0.9			9.72038e+08
0.1			0.95			8.2599e+07
0.1			1			0

0.15			0.05			2.02947e+09
0.15			0.1			1.88008e+09
0.15			0.15			1.72254e+09
0.15			0.2			1.6119e+09
0.15			0.25			1.55571e+09
0.15			0.3			1.53476e+09
0.15			0.35			1.52937e+09
0.15			0.4			1.52894e+09
0.15			0.45			1.52968e+09
0.15			0.5			1.53063e+09
0.15			0.55			1.53178e+09
0.15			0.6			1.53382e+09
0.15			0.65			1.53898e+09
0.15			0.7			1.55047e+09
0.15			0.75			1.56239e+09
0.15			0.8			1.5305e+09
0.15			0.85			1.3419e+09
0.15			0.9			8.52909e+08
0.15			0.95			4.11735e+07
0.15			1			0

0.2			0.05			1.92905e+09
0.2			0.1			1.77369e+09
0.2			0.15			1.60977e+09
0.2			0.2			1.49457e+09
0.2			0.25			1.43598e+09
0.2			0.3			1.41407e+09
0.2			0.35			1.40836e+09
0.2			0.4			1.40781e+09
0.2			0.45			1.40846e+09
0.2			0.5			1.40934e+09
0.2			0.55			1.41041e+09
0.2			0.6			1.41242e+09
0.2			0.65			1.41775e+09
0.2			0.7			1.43003e+09
0.2			0.75			1.44428e+09
0.2			0.8			1.41814e+09
0.2			0.85			1.24264e+09
0.2			0.9			7.82546e+08
0.2			0.95			2.7642e+07
0.2			1			0

0.25			0.05			1.87755e+09
0.25			0.1			1.71887e+09
0.25			0.15			1.55153e+09
0.25			0.2			1.434e+09
0.25			0.25			1.3743e+09
0.25			0.3			1.35198e+09
0.25			0.35			1.34615e+09
0.25			0.4			1.34554e+09
0.25			0.45			1.34616e+09
0.25			0.5			1.347e+09
0.25			0.55			1.34804e+09
0.25			0.6			1.35002e+09
0.25			0.65			1.35539e+09
0.25			0.7			1.36802e+09
0.25			0.75			1.38352e+09
0.25			0.8			1.36072e+09
0.25			0.85			1.19301e+09
0.25			0.9			7.49247e+08
0.25			0.95			2.33505e+07
0.25			1			0

0.3			0.05			1.85734e+09
0.3			0.1			1.69729e+09
0.3			0.15			1.52861e+09
0.3			0.2			1.41024e+09
0.3			0.25			1.35018e+09
0.3			0.3			1.32775e+09
0.3			0.35			1.32189e+09
0.3			0.4			1.32127e+09
0.3			0.45			1.32187e+09
0.3			0.5			1.3227e+09
0.3			0.55			1.32372e+09
0.3			0.6			1.32569e+09
0.3			0.65			1.33107e+09
0.3			0.7			1.34378e+09
0.3			0.75			1.35971e+09
0.3			0.8			1.33821e+09
0.3			0.85			1.1737e+09
0.3			0.9			7.36611e+08
0.3			0.95			2.20717e+07
0.3			1			0

0.35			0.05			1.85076e+09
0.35			0.1			1.69033e+09
0.35			0.15			1.52129e+09
0.35			0.2			1.40275e+09
0.35			0.25			1.34263e+09
0.35			0.3			1.3202e+09
0.35			0.35			1.31433e+09
0.35			0.4			1.31371e+09
0.35			0.45			1.31431e+09
0.35			0.5			1.31512e+09
0.35			0.55			1.31614e+09
0.35			0.6			1.31811e+09
0.35			0.65			1.32348e+09
0.35			0.7			1.3362e+09
0.35			0.75			1.35222e+09
0.35			0.8			1.33108e+09
0.35			0.85			1.16756e+09
0.35			0.9			7.32632e+08
0.35			0.95			2.17233e+07
0.35			1			0

0.4			0.05			1.84846e+09
0.4			0.1			1.68799e+09
0.4			0.15			1.51896e+09
0.4			0.2			1.40044e+09
0.4			0.25			1.34035e+09
0.4			0.3			1.31792e+09
0.4			0.35			1.31206e+09
0.4			0.4			1.31144e+09
0.4			0.45			1.31203e+09
0.4			0.5			1.31285e+09
0.4			0.55			1.31387e+09
0.4			0.6			1.31583e+09
0.4			0.65			1.32119e+09
0.4			0.7			1.33391e+09
0.4			0.75			1.34993e+09
0.4			0.8			1.32886e+09
0.4			0.85			1.16564e+09
0.4			0.9			7.31393e+08
0.4			0.95			2.16343e+07
0.4			1			0

0.45			0.05			1.84712e+09
0.45			0.1			1.68673e+09
0.45			0.15			1.51779e+09
0.45			0.2			1.39934e+09
0.45			0.25			1.33928e+09
0.45			0.3			1.31687e+09
0.45			0.35			1.31101e+09
0.45			0.4			1.31039e+09
0.45			0.45			1.31098e+09
0.45			0.5			1.3118e+09
0.45			0.55			1.31281e+09
0.45			0.6			1.31477e+09
0.45			0.65			1.32014e+09
0.45			0.7			1.33285e+09
0.45			0.75			1.34885e+09
0.45			0.8			1.32781e+09
0.45			0.85			1.16472e+09
0.45			0.9			7.30805e+08
0.45			0.95			2.16067e+07
0.45			1			0

0.5			0.05			1.84595e+09
0.5			0.1			1.68566e+09
0.5			0.15			1.51682e+09
0.5			0.2			1.39844e+09
0.5			0.25			1.33842e+09
0.5			0.3			1.31602e+09
0.5			0.35			1.31017e+09
0.5			0.4			1.30954e+09
0.5			0.45			1.31014e+09
0.5			0.5			1.31095e+09
0.5			0.55			1.31197e+09
0.5			0.6			1.31393e+09
0.5			0.65			1.31929e+09
0.5			0.7			1.33199e+09
0.5			0.75			1.34799e+09
0.5			0.8			1.32696e+09
0.5			0.85			1.16396e+09
0.5			0.9			7.30328e+08
0.5			0.95			2.15879e+07
0.5			1			0

0.55			0.05			1.84481e+09
0.55			0.1			1.68462e+09
0.55			0.15			1.51589e+09
0.55			0.2			1.39759e+09
0.55			0.25			1.3376e+09
0.55			0.3			1.31522e+09
0.55			0.35			1.30937e+09
0.55			0.4			1.30875e+09
0.55			0.45			1.30934e+09
0.55			0.5			1.31016e+09
0.55			0.55			1.31117e+09
0.55			0.6			1.31313e+09
0.55			0.65			1.31849e+09
0.55			0.7			1.33118e+09
0.55			0.75			1.34717e+09
0.55			0.8			1.32614e+09
0.55			0.85			1.16323e+09
0.55			0.9			7.29844e+08
0.55			0.95			2.15584e+07
0.55			1			0

0.6			0.05			1.84384e+09
0.6			0.1			1.68378e+09
0.6			0.15			1.51516e+09
0.6			0.2			1.39694e+09
0.6			0.25			1.337e+09
0.6			0.3			1.31463e+09
0.6			0.35			1.30878e+09
0.6			0.4			1.30816e+09
0.6			0.45			1.30875e+09
0.6			0.5			1.30957e+09
0.6			0.55			1.31058e+09
0.6			0.6			1.31254e+09
0.6			0.65			1.31789e+09
0.6			0.7			1.33058e+09
0.6			0.75			1.34654e+09
0.6			0.8			1.32546e+09
0.6			0.85			1.16253e+09
0.6			0.9			7.29298e+08
0.6			0.95			2.14941e+07
0.6			1			0

0.65			0.05			1.84383e+09
0.65			0.1			1.68399e+09
0.65			0.15			1.51559e+09
0.65			0.2			1.39749e+09
0.65			0.25			1.33759e+09
0.65			0.3			1.31524e+09
0.65			0.35			1.3094e+09
0.65			0.4			1.30878e+09
0.65			0.45			1.30937e+09
0.65			0.5			1.31019e+09
0.65			0.55			1.3112e+09
0.65			0.6			1.31316e+09
0.65			0.65			1.31851e+09
0.65			0.7			1.33117e+09
0.65			0.75			1.347e+09
0.65			0.8			1.32559e+09
0.65			0.85			1.16217e+09
0.65			0.9			7.28726e+08
0.65			0.95			2.137e+07
0.65			1			0

0.7			0.05			1.84803e+09
0.7			0.1			1.68878e+09
0.7			0.15			1.52093e+09
0.7			0.2			1.40316e+09
0.7			0.25			1.34339e+09
0.7			0.3			1.32108e+09
0.7			0.35			1.31524e+09
0.7			0.4			1.31463e+09
0.7			0.45			1.31522e+09
0.7			0.5			1.31604e+09
0.7			0.55			1.31706e+09
0.7			0.6			1.31902e+09
0.7			0.65			1.32435e+09
0.7			0.7			1.33685e+09
0.7			0.75			1.3521e+09
0.7			0.8			1.32931e+09
0.7			0.85			1.16387e+09
0.7			0.9			7.28861e+08
0.7			0.95			2.1256e+07
0.7			1			0

0.75			0.05			1.86573e+09
0.75			0.1			1.70802e+09
0.75			0.15			1.54171e+09
0.75			0.2			1.42491e+09
0.75			0.25			1.36557e+09
0.75			0.3			1.34339e+09
0.75			0.35			1.33759e+09
0.75			0.4			1.337e+09
0.75			0.45			1.33761e+09
0.75			0.5			1.33844e+09
0.75			0.55			1.33947e+09
0.75			0.6			1.34143e+09
0.75			0.65			1.34663e+09
0.75			0.7			1.3585e+09
0.75			0.75			1.37173e+09
0.75			0.8			1.34464e+09
0.75			0.85			1.17314e+09
0.75			0.9			7.32762e+08
0.75			0.95			2.17034e+07
0.75			1			0

0.8			0.05			1.91441e+09
0.8			0.1			1.76017e+09
0.8			0.15			1.59744e+09
0.8			0.2			1.48307e+09
0.8			0.25			1.42491e+09
0.8			0.3			1.40316e+09
0.8			0.35			1.39749e+09
0.8			0.4			1.39694e+09
0.8			0.45			1.39759e+09
0.8			0.5			1.39846e+09
0.8			0.55			1.39952e+09
0.8			0.6			1.40143e+09
0.8			0.65			1.40619e+09
0.8			0.7			1.41618e+09
0.8			0.75			1.42417e+09
0.8			0.8			1.3868e+09
0.8			0.85			1.20135e+09
0.8			0.9			7.47847e+08
0.8			0.95			2.50274e+07
0.8			1			0

0.85			0.05			2.01156e+09
0.85			0.1			1.8634e+09
0.85			0.15			1.70716e+09
0.85			0.2			1.59744e+09
0.85			0.25			1.54171e+09
0.85			0.3			1.52093e+09
0.85			0.35			1.51559e+09
0.85			0.4			1.51516e+09
0.85			0.45			1.51589e+09
0.85			0.5			1.51684e+09
0.85			0.55			1.51794e+09
0.85			0.6			1.51967e+09
0.85			0.65			1.52333e+09
0.85			0.7			1.52934e+09
0.85			0.75			1.52712e+09
0.85			0.8			1.47096e+09
0.85			0.85			1.26114e+09
0.85			0.9			7.85249e+08
0.85			0.95			3.94817e+07
0.85			1			0

0.9			0.05			2.15108e+09
0.9			0.1			2.0109e+09
0.9			0.15			1.8634e+09
0.9			0.2			1.76017e+09
0.9			0.25			1.70802e+09
0.9			0.3			1.68878e+09
0.9			0.35			1.68399e+09
0.9			0.4			1.68378e+09
0.9			0.45			1.68463e+09
0.9			0.5			1.68567e+09
0.9			0.55			1.68679e+09
0.9			0.6			1.68818e+09
0.9			0.65			1.69e+09
0.9			0.7			1.68994e+09
0.9			0.75			1.6731e+09
0.9			0.8			1.59135e+09
0.9			0.85			1.35059e+09
0.9			0.9			8.52438e+08
0.9			0.95			9.31708e+07
0.9			1			0

0.95			0.05			2.28407e+09
0.95			0.1			2.15108e+09
0.95			0.15			2.01156e+09
0.95			0.2			1.91441e+09
0.95			0.25			1.86573e+09
0.95			0.3			1.84803e+09
0.95			0.35			1.84383e+09
0.95			0.4			1.84384e+09
0.95			0.45			1.84481e+09
0.95			0.5			1.84594e+09
0.95			0.55			1.84707e+09
0.95			0.6			1.84805e+09
0.95			0.65			1.84791e+09
0.95			0.7			1.8417e+09
0.95			0.75			1.81056e+09
0.95			0.8			1.70427e+09
0.95			0.85			1.43547e+09
0.95			0.9			9.32172e+08
0.95			0.95			2.81566e+08
0.95			1			0

1			0.05			2.33991e+09
1			0.1			2.20986e+09
1			0.15			2.07362e+09
1			0.2			1.97899e+09
1			0.25			1.93178e+09
1			0.3			1.91475e+09
1			0.35			1.9108e+09
1			0.4			1.91092e+09
1			0.45			1.91194e+09
1			0.5			1.91311e+09
1			0.55			1.91424e+09
1			0.6			1.91501e+09
1			0.65			1.91399e+09
1			0.7			1.90502e+09
1			0.75			1.86727e+09
1			0.8			1.74813e+09
1			0.85			1.4556e+09
1			0.9			8.92154e+08
1			0.95			0
1			1			26.9831

