0.05			0.05			3.19002e+18
0.05			0.1			3.10212e+18
0.05			0.15			2.98616e+18
0.05			0.2			2.87192e+18
0.05			0.25			2.78018e+18
0.05			0.3			2.71823e+18
0.05			0.35			2.68271e+18
0.05			0.4			2.66567e+18
0.05			0.45			2.65943e+18
0.05			0.5			2.65868e+18
0.05			0.55			2.65971e+18
0.05			0.6			2.65742e+18
0.05			0.65			2.63971e+18
0.05			0.7			2.58041e+18
0.05			0.75			2.43461e+18
0.05			0.8			2.14442e+18
0.05			0.85			1.66083e+18
0.05			0.9			9.73939e+17
0.05			0.95			1.1549e+17
0.05			1			0

0.1			0.05			3.10057e+18
0.1			0.1			3.01073e+18
0.1			0.15			2.89215e+18
0.1			0.2			2.77526e+18
0.1			0.25			2.68132e+18
0.1			0.3			2.61778e+18
0.1			0.35			2.58127e+18
0.1			0.4			2.56367e+18
0.1			0.45			2.55716e+18
0.1			0.5			2.55632e+18
0.1			0.55			2.55742e+18
0.1			0.6			2.55542e+18
0.1			0.65			2.53842e+18
0.1			0.7			2.48048e+18
0.1			0.75			2.33699e+18
0.1			0.8			2.05001e+18
0.1			0.85			1.56925e+18
0.1			0.9			8.82512e+17
0.1			0.95			3.38802e+16
0.1			1			0

0.15			0.05			2.98226e+18
0.15			0.1			2.88982e+18
0.15			0.15			2.76775e+18
0.15			0.2			2.64734e+18
0.15			0.25			2.55046e+18
0.15			0.3			2.48484e+18
0.15			0.35			2.44702e+18
0.15			0.4			2.42871e+18
0.15			0.45			2.42185e+18
0.15			0.5			2.4209e+18
0.15			0.55			2.42212e+18
0.15			0.6			2.42059e+18
0.15			0.65			2.40474e+18
0.15			0.7			2.34928e+18
0.15			0.75			2.21065e+18
0.15			0.8			1.93261e+18
0.15			0.85			1.46748e+18
0.15			0.9			8.07909e+17
0.15			0.95			1.01484e+16
0.15			1			0

0.2			0.05			2.86515e+18
0.2			0.1			2.77009e+18
0.2			0.15			2.64453e+18
0.2			0.2			2.52061e+18
0.2			0.25			2.42082e+18
0.2			0.3			2.35314e+18
0.2			0.35			2.31407e+18
0.2			0.4			2.29506e+18
0.2			0.45			2.28787e+18
0.2			0.5			2.28681e+18
0.2			0.55			2.28817e+18
0.2			0.6			2.2872e+18
0.2			0.65			2.27271e+18
0.2			0.7			2.22025e+18
0.2			0.75			2.08775e+18
0.2			0.8			1.82131e+18
0.2			0.85			1.37666e+18
0.2			0.9			7.5061e+17
0.2			0.95			3.163e+15
0.2			1			0

0.25			0.05			2.77025e+18
0.25			0.1			2.67304e+18
0.25			0.15			2.54461e+18
0.25			0.2			2.41782e+18
0.25			0.25			2.31569e+18
0.25			0.3			2.24637e+18
0.25			0.35			2.2063e+18
0.25			0.4			2.18674e+18
0.25			0.45			2.1793e+18
0.25			0.5			2.17818e+18
0.25			0.55			2.17966e+18
0.25			0.6			2.17917e+18
0.25			0.65			2.16592e+18
0.25			0.7			2.11624e+18
0.25			0.75			1.98942e+18
0.25			0.8			1.7337e+18
0.25			0.85			1.3075e+18
0.25			0.9			7.0997e+17
0.25			0.95			1.07664e+15
0.25			1			0

0.3			0.05			2.70501e+18
0.3			0.1			2.60629e+18
0.3			0.15			2.47587e+18
0.3			0.2			2.34712e+18
0.3			0.25			2.24339e+18
0.3			0.3			2.17297e+18
0.3			0.35			2.13224e+18
0.3			0.4			2.11234e+18
0.3			0.45			2.10473e+18
0.3			0.5			2.10356e+18
0.3			0.55			2.10514e+18
0.3			0.6			2.10499e+18
0.3			0.65			2.09265e+18
0.3			0.7			2.04502e+18
0.3			0.75			1.92242e+18
0.3			0.8			1.67461e+18
0.3			0.85			1.2617e+18
0.3			0.9			6.83972e+17
0.3			0.95			4.43054e+14
0.3			1			0

0.35			0.05			2.66614e+18
0.35			0.1			2.56653e+18
0.35			0.15			2.43494e+18
0.35			0.2			2.30503e+18
0.35			0.25			2.20039e+18
0.35			0.3			2.12935e+18
0.35			0.35			2.08825e+18
0.35			0.4			2.06816e+18
0.35			0.45			2.06047e+18
0.35			0.5			2.05928e+18
0.35			0.55			2.0609e+18
0.35			0.6			2.06096e+18
0.35			0.65			2.04916e+18
0.35			0.7			2.00279e+18
0.35			0.75			1.88281e+18
0.35			0.8			1.63987e+18
0.35			0.85			1.23506e+18
0.35			0.9			6.6911e+17
0.35			0.95			2.47304e+14
0.35			1			0

0.4			0.05			2.64569e+18
0.4			0.1			2.54563e+18
0.4			0.15			2.41347e+18
0.4			0.2			2.28301e+18
0.4			0.25			2.17792e+18
0.4			0.3			2.1066e+18
0.4			0.35			2.06534e+18
0.4			0.4			2.04516e+18
0.4			0.45			2.03743e+18
0.4			0.5			2.03622e+18
0.4			0.55			2.03787e+18
0.4			0.6			2.03803e+18
0.4			0.65			2.0265e+18
0.4			0.7			1.98079e+18
0.4			0.75			1.86219e+18
0.4			0.8			1.62184e+18
0.4			0.85			1.2213e+18
0.4			0.9			6.61503e+17
0.4			0.95			1.85938e+14
0.4			1			0

0.45			0.05			2.63603e+18
0.45			0.1			2.53581e+18
0.45			0.15			2.40343e+18
0.45			0.2			2.27277e+18
0.45			0.25			2.16754e+18
0.45			0.3			2.09612e+18
0.45			0.35			2.0548e+18
0.45			0.4			2.0346e+18
0.45			0.45			2.02686e+18
0.45			0.5			2.02565e+18
0.45			0.55			2.0273e+18
0.45			0.6			2.02749e+18
0.45			0.65			2.01608e+18
0.45			0.7			1.97064e+18
0.45			0.75			1.85266e+18
0.45			0.8			1.61348e+18
0.45			0.85			1.21493e+18
0.45			0.9			6.57992e+17
0.45			0.95			1.66802e+14
0.45			1			0

0.5			0.05			2.63224e+18
0.5			0.1			2.53202e+18
0.5			0.15			2.39965e+18
0.5			0.2			2.26899e+18
0.5			0.25			2.16377e+18
0.5			0.3			2.09235e+18
0.5			0.35			2.05105e+18
0.5			0.4			2.03085e+18
0.5			0.45			2.0231e+18
0.5			0.5			2.02189e+18
0.5			0.55			2.02354e+18
0.5			0.6			2.02373e+18
0.5			0.65			2.01232e+18
0.5			0.7			1.96693e+18
0.5			0.75			1.8491e+18
0.5			0.8			1.6103e+18
0.5			0.85			1.21246e+18
0.5			0.9			6.56617e+17
0.5			0.95			1.62261e+14
0.5			1			0

0.55			0.05			2.6327e+18
0.55			0.1			2.5326e+18
0.55			0.15			2.40038e+18
0.55			0.2			2.26989e+18
0.55			0.25			2.16478e+18
0.55			0.3			2.09345e+18
0.55			0.35			2.05219e+18
0.55			0.4			2.03201e+18
0.55			0.45			2.02427e+18
0.55			0.5			2.02306e+18
0.55			0.55			2.02469e+18
0.55			0.6			2.02482e+18
0.55			0.65			2.0133e+18
0.55			0.7			1.96772e+18
0.55			0.75			1.84962e+18
0.55			0.8			1.61055e+18
0.55			0.85			1.21252e+18
0.55			0.9			6.56606e+17
0.55			0.95			1.67196e+14
0.55			1			0

0.6			0.05			2.63898e+18
0.6			0.1			2.53917e+18
0.6			0.15			2.40733e+18
0.6			0.2			2.27719e+18
0.6			0.25			2.17236e+18
0.6			0.3			2.10121e+18
0.6			0.35			2.06005e+18
0.6			0.4			2.03993e+18
0.6			0.45			2.0322e+18
0.6			0.5			2.03098e+18
0.6			0.55			2.03255e+18
0.6			0.6			2.03252e+18
0.6			0.65			2.02066e+18
0.6			0.7			1.97447e+18
0.6			0.75			1.85545e+18
0.6			0.8			1.61517e+18
0.6			0.85			1.21572e+18
0.6			0.9			6.58273e+17
0.6			0.95			1.92806e+14
0.6			1			0

0.65			0.05			2.65595e+18
0.65			0.1			2.5567e+18
0.65			0.15			2.42559e+18
0.65			0.2			2.29616e+18
0.65			0.25			2.1919e+18
0.65			0.3			2.12112e+18
0.65			0.35			2.08018e+18
0.65			0.4			2.06016e+18
0.65			0.45			2.05247e+18
0.65			0.5			2.05121e+18
0.65			0.55			2.05263e+18
0.65			0.6			2.05222e+18
0.65			0.65			2.03957e+18
0.65			0.7			1.99196e+18
0.65			0.75			1.87079e+18
0.65			0.8			1.6276e+18
0.65			0.85			1.22459e+18
0.65			0.9			6.63002e+17
0.65			0.95			2.87582e+14
0.65			1			0

0.7			0.05			2.69118e+18
0.7			0.1			2.59294e+18
0.7			0.15			2.46314e+18
0.7			0.2			2.33501e+18
0.7			0.25			2.23178e+18
0.7			0.3			2.1617e+18
0.7			0.35			2.12116e+18
0.7			0.4			2.10134e+18
0.7			0.45			2.09372e+18
0.7			0.5			2.09238e+18
0.7			0.55			2.09349e+18
0.7			0.6			2.09231e+18
0.7			0.65			2.07807e+18
0.7			0.7			2.0277e+18
0.7			0.75			1.90231e+18
0.7			0.8			1.65343e+18
0.7			0.85			1.24332e+18
0.7			0.9			6.73244e+17
0.7			0.95			6.23672e+14
0.7			1			0

0.75			0.05			2.75259e+18
0.75			0.1			2.65594e+18
0.75			0.15			2.52827e+18
0.75			0.2			2.40223e+18
0.75			0.25			2.3007e+18
0.75			0.3			2.23179e+18
0.75			0.35			2.19194e+18
0.75			0.4			2.17247e+18
0.75			0.45			2.16496e+18
0.75			0.5			2.16348e+18
0.75			0.55			2.16402e+18
0.75			0.6			2.16147e+18
0.75			0.65			2.14451e+18
0.75			0.7			2.08947e+18
0.75			0.75			1.95707e+18
0.75			0.8			1.69876e+18
0.75			0.85			1.27686e+18
0.75			0.9			6.9227e+17
0.75			0.95			1.80409e+15
0.75			1			0

0.8			0.05			2.8435e+18
0.8			0.1			2.7491e+18
0.8			0.15			2.6244e+18
0.8			0.2			2.50133e+18
0.8			0.25			2.40223e+18
0.8			0.3			2.33502e+18
0.8			0.35			2.29619e+18
0.8			0.4			2.27725e+18
0.8			0.45			2.26989e+18
0.8			0.5			2.26819e+18
0.8			0.55			2.26786e+18
0.8			0.6			2.26326e+18
0.8			0.65			2.24229e+18
0.8			0.7			2.1805e+18
0.8			0.75			2.03815e+18
0.8			0.8			1.76672e+18
0.8			0.85			1.32857e+18
0.8			0.9			7.23634e+17
0.8			0.95			5.94805e+15
0.8			1			0

0.85			0.05			2.95673e+18
0.85			0.1			2.865e+18
0.85			0.15			2.74388e+18
0.85			0.2			2.6244e+18
0.85			0.25			2.52827e+18
0.85			0.3			2.46315e+18
0.85			0.35			2.4256e+18
0.85			0.4			2.40732e+18
0.85			0.45			2.40016e+18
0.85			0.5			2.39815e+18
0.85			0.55			2.3967e+18
0.85			0.6			2.38951e+18
0.85			0.65			2.36357e+18
0.85			0.7			2.29356e+18
0.85			0.75			2.13937e+18
0.85			0.8			1.85286e+18
0.85			0.85			1.39703e+18
0.85			0.9			7.70727e+17
0.85			0.95			2.05399e+16
0.85			1			0

0.9			0.05			3.07166e+18
0.9			0.1			2.98258e+18
0.9			0.15			2.865e+18
0.9			0.2			2.7491e+18
0.9			0.25			2.65594e+18
0.9			0.3			2.59294e+18
0.9			0.35			2.5567e+18
0.9			0.4			2.53909e+18
0.9			0.45			2.53212e+18
0.9			0.5			2.52978e+18
0.9			0.55			2.52716e+18
0.9			0.6			2.51731e+18
0.9			0.65			2.48633e+18
0.9			0.7			2.40812e+18
0.9			0.75			2.24241e+18
0.9			0.8			1.9421e+18
0.9			0.85			1.47263e+18
0.9			0.9			8.35856e+17
0.9			0.95			7.21321e+16
0.9			1			0

0.95			0.05			3.15878e+18
0.95			0.1			3.07166e+18
0.95			0.15			2.95673e+18
0.95			0.2			2.8435e+18
0.95			0.25			2.75259e+18
0.95			0.3			2.69118e+18
0.95			0.35			2.65593e+18
0.95			0.4			2.63884e+18
0.95			0.45			2.63202e+18
0.95			0.5			2.62942e+18
0.95			0.55			2.6259e+18
0.95			0.6			2.614e+18
0.95			0.65			2.57918e+18
0.95			0.7			2.49475e+18
0.95			0.75			2.32042e+18
0.95			0.8			2.01017e+18
0.95			0.85			1.5334e+18
0.95			0.9			9.08035e+17
0.95			0.95			2.55299e+17
0.95			1			0

1			0.05			3.19141e+18
1			0.1			3.10503e+18
1			0.15			2.99107e+18
1			0.2			2.87885e+18
1			0.25			2.78877e+18
1			0.3			2.72796e+18
1			0.35			2.69308e+18
1			0.4			2.67618e+18
1			0.45			2.66941e+18
1			0.5			2.66672e+18
1			0.55			2.66285e+18
1			0.6			2.65018e+18
1			0.65			2.6139e+18
1			0.7			2.52707e+18
1			0.75			2.34913e+18
1			0.8			2.03323e+18
1			0.85			1.54396e+18
1			0.9			8.72586e+17
1			0.95			0
1			1			50.9681

