0.05			0.05			1.47197e+13
0.05			0.1			1.41239e+13
0.05			0.15			1.34088e+13
0.05			0.2			1.27981e+13
0.05			0.25			1.23939e+13
0.05			0.3			1.21809e+13
0.05			0.35			1.20921e+13
0.05			0.4			1.20652e+13
0.05			0.45			1.20629e+13
0.05			0.5			1.20697e+13
0.05			0.55			1.20824e+13
0.05			0.6			1.21038e+13
0.05			0.65			1.21284e+13
0.05			0.7			1.21045e+13
0.05			0.75			1.18578e+13
0.05			0.8			1.10192e+13
0.05			0.85			9.07891e+12
0.05			0.9			5.65852e+12
0.05			0.95			7.93967e+11
0.05			1			0

0.1			0.05			1.41155e+13
0.1			0.1			1.3499e+13
0.1			0.15			1.27583e+13
0.1			0.2			1.21246e+13
0.1			0.25			1.1704e+13
0.1			0.3			1.14814e+13
0.1			0.35			1.13878e+13
0.1			0.4			1.13588e+13
0.1			0.45			1.13555e+13
0.1			0.5			1.13618e+13
0.1			0.55			1.13745e+13
0.1			0.6			1.13964e+13
0.1			0.65			1.14231e+13
0.1			0.7			1.14035e+13
0.1			0.75			1.11636e+13
0.1			0.8			1.0334e+13
0.1			0.85			8.40302e+12
0.1			0.9			4.99653e+12
0.1			0.95			2.58272e+11
0.1			1			0

0.15			0.05			1.33883e+13
0.15			0.1			1.27463e+13
0.15			0.15			1.19741e+13
0.15			0.2			1.13125e+13
0.15			0.25			1.08722e+13
0.15			0.3			1.06382e+13
0.15			0.35			1.05391e+13
0.15			0.4			1.05075e+13
0.15			0.45			1.05032e+13
0.15			0.5			1.05089e+13
0.15			0.55			1.05215e+13
0.15			0.6			1.05444e+13
0.15			0.65			1.05744e+13
0.15			0.7			1.05629e+13
0.15			0.75			1.03408e+13
0.15			0.8			9.54906e+12
0.15			0.85			7.69903e+12
0.15			0.9			4.46599e+12
0.15			0.95			9.25616e+10
0.15			1			0

0.2			0.05			1.27635e+13
0.2			0.1			1.20988e+13
0.2			0.15			1.12989e+13
0.2			0.2			1.06129e+13
0.2			0.25			1.01559e+13
0.2			0.3			9.91245e+12
0.2			0.35			9.80875e+12
0.2			0.4			9.77524e+12
0.2			0.45			9.76998e+12
0.2			0.5			9.77523e+12
0.2			0.55			9.78776e+12
0.2			0.6			9.81154e+12
0.2			0.65			9.84483e+12
0.2			0.7			9.84231e+12
0.2			0.75			9.64129e+12
0.2			0.8			8.89602e+12
0.2			0.85			7.1432e+12
0.2			0.9			4.09755e+12
0.2			0.95			4.02649e+10
0.2			1			0

0.25			0.05			1.23443e+13
0.25			0.1			1.16637e+13
0.25			0.15			1.08447e+13
0.25			0.2			1.01423e+13
0.25			0.25			9.67421e+12
0.25			0.3			9.42471e+12
0.25			0.35			9.31823e+12
0.25			0.4			9.28354e+12
0.25			0.45			9.27775e+12
0.25			0.5			9.28268e+12
0.25			0.55			9.29513e+12
0.25			0.6			9.31947e+12
0.25			0.65			9.35509e+12
0.25			0.7			9.35927e+12
0.25			0.75			9.1747e+12
0.25			0.8			8.46605e+12
0.25			0.85			6.78768e+12
0.25			0.9			3.87645e+12
0.25			0.95			2.35031e+10
0.25			1			0

0.3			0.05			1.21162e+13
0.3			0.1			1.14267e+13
0.3			0.15			1.05971e+13
0.3			0.2			9.88585e+12
0.3			0.25			9.41195e+12
0.3			0.3			9.15944e+12
0.3			0.35			9.05164e+12
0.3			0.4			9.01641e+12
0.3			0.45			9.01036e+12
0.3			0.5			9.01512e+12
0.3			0.55			9.0275e+12
0.3			0.6			9.05207e+12
0.3			0.65			9.08888e+12
0.3			0.7			9.09675e+12
0.3			0.75			8.92167e+12
0.3			0.8			8.23446e+12
0.3			0.85			6.59912e+12
0.3			0.9			3.76292e+12
0.3			0.95			1.81045e+10
0.3			1			0

0.35			0.05			1.20122e+13
0.35			0.1			1.13188e+13
0.35			0.15			1.04846e+13
0.35			0.2			9.76955e+12
0.35			0.25			9.29334e+12
0.35			0.3			9.03969e+12
0.35			0.35			8.93142e+12
0.35			0.4			8.89601e+12
0.35			0.45			8.88986e+12
0.35			0.5			8.89455e+12
0.35			0.55			8.90688e+12
0.35			0.6			8.93151e+12
0.35			0.65			8.96876e+12
0.35			0.7			8.97818e+12
0.35			0.75			8.80734e+12
0.35			0.8			8.13003e+12
0.35			0.85			6.51471e+12
0.35			0.9			3.7129e+12
0.35			0.95			1.63847e+10
0.35			1			0

0.4			0.05			1.19702e+13
0.4			0.1			1.12754e+13
0.4			0.15			1.04398e+13
0.4			0.2			9.72365e+12
0.4			0.25			9.24681e+12
0.4			0.3			8.9929e+12
0.4			0.35			8.88454e+12
0.4			0.4			8.84909e+12
0.4			0.45			8.84291e+12
0.4			0.5			8.84758e+12
0.4			0.55			8.85988e+12
0.4			0.6			8.8845e+12
0.4			0.65			8.92186e+12
0.4			0.7			8.93177e+12
0.4			0.75			8.76246e+12
0.4			0.8			8.08897e+12
0.4			0.85			6.48157e+12
0.4			0.9			3.69341e+12
0.4			0.95			1.58505e+10
0.4			1			0

0.45			0.05			1.19527e+13
0.45			0.1			1.12578e+13
0.45			0.15			1.0422e+13
0.45			0.2			9.70582e+12
0.45			0.25			9.22903e+12
0.45			0.3			8.97517e+12
0.45			0.35			8.86684e+12
0.45			0.4			8.8314e+12
0.45			0.45			8.82522e+12
0.45			0.5			8.82987e+12
0.45			0.55			8.84216e+12
0.45			0.6			8.86676e+12
0.45			0.65			8.90412e+12
0.45			0.7			8.91415e+12
0.45			0.75			8.74532e+12
0.45			0.8			8.0732e+12
0.45			0.85			6.46881e+12
0.45			0.9			3.68594e+12
0.45			0.95			1.56854e+10
0.45			1			0

0.5			0.05			1.19432e+13
0.5			0.1			1.12486e+13
0.5			0.15			1.04132e+13
0.5			0.2			9.69744e+12
0.5			0.25			9.2209e+12
0.5			0.3			8.96717e+12
0.5			0.35			8.85891e+12
0.5			0.4			8.82349e+12
0.5			0.45			8.81731e+12
0.5			0.5			8.82196e+12
0.5			0.55			8.83424e+12
0.5			0.6			8.85883e+12
0.5			0.65			8.89616e+12
0.5			0.7			8.90618e+12
0.5			0.75			8.73747e+12
0.5			0.8			8.06584e+12
0.5			0.85			6.46276e+12
0.5			0.9			3.68236e+12
0.5			0.95			1.56239e+10
0.5			1			0

0.55			0.05			1.19377e+13
0.55			0.1			1.12437e+13
0.55			0.15			1.04089e+13
0.55			0.2			9.69366e+12
0.55			0.25			9.21746e+12
0.55			0.3			8.96392e+12
0.55			0.35			8.85572e+12
0.55			0.4			8.82033e+12
0.55			0.45			8.81416e+12
0.55			0.5			8.8188e+12
0.55			0.55			8.83107e+12
0.55			0.6			8.85564e+12
0.55			0.65			8.89291e+12
0.55			0.7			8.90279e+12
0.55			0.75			8.73385e+12
0.55			0.8			8.06206e+12
0.55			0.85			6.45928e+12
0.55			0.9			3.68016e+12
0.55			0.95			1.55888e+10
0.55			1			0

0.6			0.05			1.19402e+13
0.6			0.1			1.12472e+13
0.6			0.15			1.04136e+13
0.6			0.2			9.69923e+12
0.6			0.25			9.22358e+12
0.6			0.3			8.9703e+12
0.6			0.35			8.86221e+12
0.6			0.4			8.82685e+12
0.6			0.45			8.82069e+12
0.6			0.5			8.82534e+12
0.6			0.55			8.8376e+12
0.6			0.6			8.86212e+12
0.6			0.65			8.89917e+12
0.6			0.7			8.90844e+12
0.6			0.75			8.73823e+12
0.6			0.8			8.06456e+12
0.6			0.85			6.45996e+12
0.6			0.9			3.67997e+12
0.6			0.95			1.56082e+10
0.6			1			0

0.65			0.05			1.19669e+13
0.65			0.1			1.12761e+13
0.65			0.15			1.0445e+13
0.65			0.2			9.73257e+12
0.65			0.25			9.25813e+12
0.65			0.3			9.00542e+12
0.65			0.35			8.89756e+12
0.65			0.4			8.86228e+12
0.65			0.45			8.85615e+12
0.65			0.5			8.86082e+12
0.65			0.55			8.87306e+12
0.65			0.6			8.89736e+12
0.65			0.65			8.93364e+12
0.65			0.7			8.9408e+12
0.65			0.75			8.76628e+12
0.65			0.8			8.08594e+12
0.65			0.85			6.47356e+12
0.65			0.9			3.68649e+12
0.65			0.95			1.59308e+10
0.65			1			0

0.7			0.05			1.20549e+13
0.7			0.1			1.13688e+13
0.7			0.15			1.05433e+13
0.7			0.2			9.83554e+12
0.7			0.25			9.36397e+12
0.7			0.3			9.1127e+12
0.7			0.35			9.00543e+12
0.7			0.4			8.97038e+12
0.7			0.45			8.96435e+12
0.7			0.5			8.96906e+12
0.7			0.55			8.98118e+12
0.7			0.6			9.00481e+12
0.7			0.65			9.03876e+12
0.7			0.7			9.03999e+12
0.7			0.75			8.85383e+12
0.7			0.8			8.15565e+12
0.7			0.85			6.52155e+12
0.7			0.9			3.71189e+12
0.7			0.95			1.7553e+10
0.7			1			0

0.75			0.05			1.22659e+13
0.75			0.1			1.15895e+13
0.75			0.15			1.07754e+13
0.75			0.2			1.00772e+13
0.75			0.25			9.61196e+12
0.75			0.3			9.36397e+12
0.75			0.35			9.25814e+12
0.75			0.4			9.22366e+12
0.75			0.45			9.21788e+12
0.75			0.5			9.22266e+12
0.75			0.55			9.23441e+12
0.75			0.6			9.25622e+12
0.75			0.65			9.28446e+12
0.75			0.7			9.27206e+12
0.75			0.75			9.0602e+12
0.75			0.8			8.32338e+12
0.75			0.85			6.64173e+12
0.75			0.9			3.77955e+12
0.75			0.95			2.40439e+10
0.75			1			0

0.8			0.05			1.26664e+13
0.8			0.1			1.20063e+13
0.8			0.15			1.12121e+13
0.8			0.2			1.0531e+13
0.8			0.25			1.00772e+13
0.8			0.3			9.83554e+12
0.8			0.35			9.73258e+12
0.8			0.4			9.6993e+12
0.8			0.45			9.69402e+12
0.8			0.5			9.69888e+12
0.8			0.55			9.70974e+12
0.8			0.6			9.7277e+12
0.8			0.65			9.74472e+12
0.8			0.7			9.7068e+12
0.8			0.75			9.44852e+12
0.8			0.8			8.64364e+12
0.8			0.85			6.8791e+12
0.8			0.9			3.92323e+12
0.8			0.95			4.77745e+10
0.8			1			0

0.85			0.05			1.32713e+13
0.85			0.1			1.26344e+13
0.85			0.15			1.18684e+13
0.85			0.2			1.12121e+13
0.85			0.25			1.07754e+13
0.85			0.3			1.05433e+13
0.85			0.35			1.0445e+13
0.85			0.4			1.04136e+13
0.85			0.45			1.04092e+13
0.85			0.5			1.04141e+13
0.85			0.55			1.04233e+13
0.85			0.6			1.04349e+13
0.85			0.65			1.04344e+13
0.85			0.7			1.0358e+13
0.85			0.75			1.0032e+13
0.85			0.8			9.13107e+12
0.85			0.85			7.25469e+12
0.85			0.9			4.17793e+12
0.85			0.95			1.31403e+11
0.85			1			0

0.9			0.05			1.39797e+13
0.9			0.1			1.33686e+13
0.9			0.15			1.26344e+13
0.9			0.2			1.20063e+13
0.9			0.25			1.15895e+13
0.9			0.3			1.13688e+13
0.9			0.35			1.12761e+13
0.9			0.4			1.12472e+13
0.9			0.45			1.12437e+13
0.9			0.5			1.12486e+13
0.9			0.55			1.12557e+13
0.9			0.6			1.12593e+13
0.9			0.65			1.12374e+13
0.9			0.7			1.11158e+13
0.9			0.75			1.07122e+13
0.9			0.8			9.70568e+12
0.9			0.85			7.71936e+12
0.9			0.9			4.55973e+12
0.9			0.95			4.22724e+11
0.9			1			0

0.95			0.05			1.457e+13
0.95			0.1			1.39797e+13
0.95			0.15			1.32713e+13
0.95			0.2			1.26664e+13
0.95			0.25			1.22659e+13
0.95			0.3			1.20549e+13
0.95			0.35			1.19669e+13
0.95			0.4			1.19402e+13
0.95			0.45			1.19376e+13
0.95			0.5			1.19424e+13
0.95			0.55			1.19475e+13
0.95			0.6			1.19441e+13
0.95			0.65			1.19039e+13
0.95			0.7			1.17438e+13
0.95			0.75			1.12751e+13
0.95			0.8			1.01815e+13
0.95			0.85			8.11618e+12
0.95			0.9			4.98686e+12
0.95			0.95			1.43744e+12
0.95			1			0

1			0.05			1.48018e+13
1			0.1			1.42196e+13
1			0.15			1.35212e+13
1			0.2			1.29252e+13
1			0.25			1.25312e+13
1			0.3			1.2324e+13
1			0.35			1.22379e+13
1			0.4			1.22121e+13
1			0.45			1.22098e+13
1			0.5			1.22145e+13
1			0.55			1.22188e+13
1			0.6			1.22126e+13
1			0.65			1.2165e+13
1			0.7			1.19892e+13
1			0.75			1.14923e+13
1			0.8			1.03527e+13
1			0.85			8.19867e+12
1			0.9			4.79222e+12
1			0.95			0
1			1			36.9769

