0.05			0.05			4.01214e+08
0.05			0.1			3.75777e+08
0.05			0.15			3.50175e+08
0.05			0.2			3.33435e+08
0.05			0.25			3.25746e+08
0.05			0.3			3.23272e+08
0.05			0.35			3.2281e+08
0.05			0.4			3.22893e+08
0.05			0.45			3.2308e+08
0.05			0.5			3.23282e+08
0.05			0.55			3.23498e+08
0.05			0.6			3.23799e+08
0.05			0.65			3.24483e+08
0.05			0.7			3.2618e+08
0.05			0.75			3.28615e+08
0.05			0.8			3.25456e+08
0.05			0.85			2.96382e+08
0.05			0.9			2.0898e+08
0.05			0.95			4.186e+07
0.05			1			0

0.1			0.05			3.75504e+08
0.1			0.1			3.4856e+08
0.1			0.15			3.21336e+08
0.1			0.2			3.03421e+08
0.1			0.25			2.95104e+08
0.1			0.3			2.92369e+08
0.1			0.35			2.91816e+08
0.1			0.4			2.91863e+08
0.1			0.45			2.92028e+08
0.1			0.5			2.92211e+08
0.1			0.55			2.92409e+08
0.1			0.6			2.92705e+08
0.1			0.65			2.93423e+08
0.1			0.7			2.95248e+08
0.1			0.75			2.97937e+08
0.1			0.8			2.9501e+08
0.1			0.85			2.65793e+08
0.1			0.9			1.7827e+08
0.1			0.95			1.75199e+07
0.1			1			0

0.15			0.05			3.49532e+08
0.15			0.1			3.20975e+08
0.15			0.15			2.9205e+08
0.15			0.2			2.72938e+08
0.15			0.25			2.64008e+08
0.15			0.3			2.61033e+08
0.15			0.35			2.604e+08
0.15			0.4			2.60416e+08
0.15			0.45			2.60559e+08
0.15			0.5			2.60722e+08
0.15			0.55			2.60903e+08
0.15			0.6			2.61189e+08
0.15			0.65			2.61941e+08
0.15			0.7			2.63933e+08
0.15			0.75			2.67085e+08
0.15			0.8			2.65175e+08
0.15			0.85			2.38141e+08
0.15			0.9			1.56068e+08
0.15			0.95			9.50086e+06
0.15			1			0

0.2			0.05			3.32389e+08
0.2			0.1			3.02677e+08
0.2			0.15			2.7257e+08
0.2			0.2			2.52666e+08
0.2			0.25			2.43359e+08
0.2			0.3			2.40249e+08
0.2			0.35			2.39575e+08
0.2			0.4			2.39574e+08
0.2			0.45			2.39704e+08
0.2			0.5			2.39854e+08
0.2			0.55			2.40021e+08
0.2			0.6			2.40299e+08
0.2			0.65			2.41066e+08
0.2			0.7			2.43164e+08
0.2			0.75			2.46679e+08
0.2			0.8			2.45705e+08
0.2			0.85			2.20831e+08
0.2			0.9			1.43599e+08
0.2			0.95			6.89837e+06
0.2			1			0

0.25			0.05			3.24293e+08
0.25			0.1			2.93984e+08
0.25			0.15			2.63291e+08
0.25			0.2			2.43024e+08
0.25			0.25			2.3356e+08
0.25			0.3			2.30403e+08
0.25			0.35			2.29716e+08
0.25			0.4			2.29708e+08
0.25			0.45			2.29832e+08
0.25			0.5			2.29976e+08
0.25			0.55			2.30137e+08
0.25			0.6			2.30409e+08
0.25			0.65			2.31177e+08
0.25			0.7			2.33313e+08
0.25			0.75			2.36993e+08
0.25			0.8			2.36503e+08
0.25			0.85			2.12804e+08
0.25			0.9			1.3811e+08
0.25			0.95			6.09409e+06
0.25			1			0

0.3			0.05			3.21414e+08
0.3			0.1			2.9088e+08
0.3			0.15			2.59983e+08
0.3			0.2			2.39602e+08
0.3			0.25			2.30099e+08
0.3			0.3			2.26933e+08
0.3			0.35			2.26243e+08
0.3			0.4			2.26233e+08
0.3			0.45			2.26355e+08
0.3			0.5			2.26496e+08
0.3			0.55			2.26655e+08
0.3			0.6			2.26925e+08
0.3			0.65			2.27691e+08
0.3			0.7			2.29834e+08
0.3			0.75			2.33558e+08
0.3			0.8			2.33231e+08
0.3			0.85			2.09962e+08
0.3			0.9			1.36208e+08
0.3			0.95			5.86628e+06
0.3			1			0

0.35			0.05			3.2055e+08
0.35			0.1			2.89962e+08
0.35			0.15			2.59023e+08
0.35			0.2			2.38626e+08
0.35			0.25			2.29121e+08
0.35			0.3			2.25955e+08
0.35			0.35			2.25265e+08
0.35			0.4			2.25254e+08
0.35			0.45			2.25376e+08
0.35			0.5			2.25516e+08
0.35			0.55			2.25675e+08
0.35			0.6			2.25944e+08
0.35			0.65			2.26709e+08
0.35			0.7			2.28851e+08
0.35			0.75			2.32581e+08
0.35			0.8			2.32289e+08
0.35			0.85			2.09138e+08
0.35			0.9			1.3566e+08
0.35			0.95			5.80856e+06
0.35			1			0

0.4			0.05			3.20231e+08
0.4			0.1			2.89646e+08
0.4			0.15			2.58714e+08
0.4			0.2			2.38325e+08
0.4			0.25			2.28825e+08
0.4			0.3			2.25661e+08
0.4			0.35			2.24972e+08
0.4			0.4			2.24961e+08
0.4			0.45			2.25082e+08
0.4			0.5			2.25223e+08
0.4			0.55			2.25381e+08
0.4			0.6			2.2565e+08
0.4			0.65			2.26415e+08
0.4			0.7			2.28555e+08
0.4			0.75			2.32283e+08
0.4			0.8			2.31997e+08
0.4			0.85			2.08878e+08
0.4			0.9			1.35488e+08
0.4			0.95			5.7944e+06
0.4			1			0

0.45			0.05			3.20016e+08
0.45			0.1			2.89447e+08
0.45			0.15			2.58533e+08
0.45			0.2			2.38157e+08
0.45			0.25			2.28663e+08
0.45			0.3			2.25501e+08
0.45			0.35			2.24811e+08
0.45			0.4			2.24801e+08
0.45			0.45			2.24922e+08
0.45			0.5			2.25063e+08
0.45			0.55			2.25221e+08
0.45			0.6			2.2549e+08
0.45			0.65			2.26254e+08
0.45			0.7			2.28392e+08
0.45			0.75			2.32118e+08
0.45			0.8			2.31832e+08
0.45			0.85			2.0873e+08
0.45			0.9			1.35391e+08
0.45			0.95			5.78922e+06
0.45			1			0

0.5			0.05			3.19815e+08
0.5			0.1			2.89265e+08
0.5			0.15			2.5837e+08
0.5			0.2			2.38007e+08
0.5			0.25			2.28519e+08
0.5			0.3			2.25358e+08
0.5			0.35			2.24669e+08
0.5			0.4			2.24659e+08
0.5			0.45			2.2478e+08
0.5			0.5			2.2492e+08
0.5			0.55			2.25079e+08
0.5			0.6			2.25347e+08
0.5			0.65			2.26111e+08
0.5			0.7			2.28248e+08
0.5			0.75			2.31972e+08
0.5			0.8			2.31686e+08
0.5			0.85			2.08598e+08
0.5			0.9			1.35305e+08
0.5			0.95			5.78503e+06
0.5			1			0

0.55			0.05			3.19616e+08
0.55			0.1			2.89085e+08
0.55			0.15			2.5821e+08
0.55			0.2			2.37859e+08
0.55			0.25			2.28377e+08
0.55			0.3			2.25219e+08
0.55			0.35			2.24531e+08
0.55			0.4			2.2452e+08
0.55			0.45			2.24641e+08
0.55			0.5			2.24781e+08
0.55			0.55			2.24939e+08
0.55			0.6			2.25208e+08
0.55			0.65			2.25971e+08
0.55			0.7			2.28107e+08
0.55			0.75			2.31828e+08
0.55			0.8			2.31542e+08
0.55			0.85			2.08467e+08
0.55			0.9			1.35218e+08
0.55			0.95			5.77879e+06
0.55			1			0

0.6			0.05			3.19431e+08
0.6			0.1			2.88922e+08
0.6			0.15			2.58068e+08
0.6			0.2			2.3773e+08
0.6			0.25			2.28254e+08
0.6			0.3			2.25098e+08
0.6			0.35			2.2441e+08
0.6			0.4			2.24399e+08
0.6			0.45			2.2452e+08
0.6			0.5			2.2466e+08
0.6			0.55			2.24818e+08
0.6			0.6			2.25087e+08
0.6			0.65			2.25849e+08
0.6			0.7			2.27984e+08
0.6			0.75			2.31702e+08
0.6			0.8			2.31411e+08
0.6			0.85			2.08336e+08
0.6			0.9			1.35117e+08
0.6			0.95			5.76466e+06
0.6			1			0

0.65			0.05			3.19349e+08
0.65			0.1			2.88875e+08
0.65			0.15			2.58052e+08
0.65			0.2			2.37731e+08
0.65			0.25			2.28262e+08
0.65			0.3			2.25108e+08
0.65			0.35			2.2442e+08
0.65			0.4			2.2441e+08
0.65			0.45			2.24531e+08
0.65			0.5			2.24671e+08
0.65			0.55			2.24829e+08
0.65			0.6			2.25097e+08
0.65			0.65			2.25859e+08
0.65			0.7			2.27992e+08
0.65			0.75			2.31699e+08
0.65			0.8			2.31371e+08
0.65			0.85			2.08232e+08
0.65			0.9			1.34987e+08
0.65			0.95			5.73201e+06
0.65			1			0

0.7			0.05			3.19806e+08
0.7			0.1			2.89424e+08
0.7			0.15			2.5868e+08
0.7			0.2			2.38401e+08
0.7			0.25			2.28945e+08
0.7			0.3			2.25794e+08
0.7			0.35			2.25108e+08
0.7			0.4			2.25098e+08
0.7			0.45			2.25219e+08
0.7			0.5			2.2536e+08
0.7			0.55			2.25518e+08
0.7			0.6			2.25787e+08
0.7			0.65			2.26548e+08
0.7			0.7			2.28669e+08
0.7			0.75			2.32313e+08
0.7			0.8			2.31804e+08
0.7			0.85			2.08363e+08
0.7			0.9			1.34886e+08
0.7			0.95			5.67969e+06
0.7			1			0

0.75			0.05			3.22256e+08
0.75			0.1			2.92133e+08
0.75			0.15			2.6163e+08
0.75			0.2			2.41487e+08
0.75			0.25			2.32083e+08
0.75			0.3			2.28945e+08
0.75			0.35			2.28262e+08
0.75			0.4			2.28254e+08
0.75			0.45			2.28377e+08
0.75			0.5			2.2852e+08
0.75			0.55			2.2868e+08
0.75			0.6			2.2895e+08
0.75			0.65			2.29703e+08
0.75			0.7			2.31759e+08
0.75			0.75			2.35145e+08
0.75			0.8			2.33996e+08
0.75			0.85			2.0957e+08
0.75			0.9			1.35239e+08
0.75			0.95			5.68689e+06
0.75			1			0

0.8			0.05			3.29869e+08
0.8			0.1			3.00373e+08
0.8			0.15			2.70485e+08
0.8			0.2			2.50727e+08
0.8			0.25			2.41487e+08
0.8			0.3			2.38401e+08
0.8			0.35			2.37731e+08
0.8			0.4			2.3773e+08
0.8			0.45			2.3786e+08
0.8			0.5			2.38008e+08
0.8			0.55			2.38174e+08
0.8			0.6			2.38444e+08
0.8			0.65			2.39155e+08
0.8			0.7			2.4098e+08
0.8			0.75			2.43602e+08
0.8			0.8			2.40768e+08
0.8			0.85			2.13896e+08
0.8			0.9			1.37324e+08
0.8			0.95			6.15554e+06
0.8			1			0

0.85			0.05			3.46445e+08
0.85			0.1			3.18123e+08
0.85			0.15			2.89438e+08
0.85			0.2			2.70485e+08
0.85			0.25			2.6163e+08
0.85			0.3			2.5868e+08
0.85			0.35			2.58052e+08
0.85			0.4			2.58068e+08
0.85			0.45			2.5821e+08
0.85			0.5			2.58372e+08
0.85			0.55			2.58548e+08
0.85			0.6			2.58807e+08
0.85			0.65			2.59391e+08
0.85			0.7			2.60654e+08
0.85			0.75			2.61634e+08
0.85			0.8			2.55473e+08
0.85			0.85			2.24029e+08
0.85			0.9			1.4334e+08
0.85			0.95			8.58443e+06
0.85			1			0

0.9			0.05			3.71797e+08
0.9			0.1			3.45098e+08
0.9			0.15			3.18123e+08
0.9			0.2			3.00373e+08
0.9			0.25			2.92133e+08
0.9			0.3			2.89424e+08
0.9			0.35			2.88875e+08
0.9			0.4			2.88922e+08
0.9			0.45			2.89085e+08
0.9			0.5			2.89265e+08
0.9			0.55			2.89454e+08
0.9			0.6			2.89682e+08
0.9			0.65			2.90023e+08
0.9			0.7			2.90347e+08
0.9			0.75			2.88803e+08
0.9			0.8			2.77827e+08
0.9			0.85			2.40193e+08
0.9			0.9			1.54982e+08
0.9			0.95			1.80985e+07
0.9			1			0

0.95			0.05			3.96987e+08
0.95			0.1			3.71797e+08
0.95			0.15			3.46445e+08
0.95			0.2			3.29869e+08
0.95			0.25			3.22256e+08
0.95			0.3			3.19806e+08
0.95			0.35			3.19349e+08
0.95			0.4			3.19431e+08
0.95			0.45			3.19616e+08
0.95			0.5			3.19814e+08
0.95			0.55			3.20012e+08
0.95			0.6			3.20193e+08
0.95			0.65			3.20254e+08
0.95			0.7			3.19569e+08
0.95			0.75			3.15431e+08
0.95			0.8			2.99639e+08
0.95			0.85			2.56104e+08
0.95			0.9			1.69172e+08
0.95			0.95			5.19925e+07
0.95			1			0

1			0.05			4.07785e+08
1			0.1			3.83221e+08
1			0.15			3.58547e+08
1			0.2			3.4247e+08
1			0.25			3.3513e+08
1			0.3			3.32796e+08
1			0.35			3.3238e+08
1			0.4			3.32478e+08
1			0.45			3.32673e+08
1			0.5			3.32879e+08
1			0.55			3.33079e+08
1			0.6			3.33237e+08
1			0.65			3.33163e+08
1			0.7			3.3201e+08
1			0.75			3.26643e+08
1			0.8			3.08309e+08
1			0.85			2.60013e+08
1			0.9			1.61586e+08
1			0.95			0
1			1			24.9844

