0.05			0.05			9.51574e+16
0.05			0.1			9.2262e+16
0.05			0.15			8.85212e+16
0.05			0.2			8.49506e+16
0.05			0.25			8.22029e+16
0.05			0.3			8.04452e+16
0.05			0.35			7.95036e+16
0.05			0.4			7.909e+16
0.05			0.45			7.89611e+16
0.05			0.5			7.89696e+16
0.05			0.55			7.90374e+16
0.05			0.6			7.90711e+16
0.05			0.65			7.87992e+16
0.05			0.7			7.75221e+16
0.05			0.75			7.38792e+16
0.05			0.8			6.5916e+16
0.05			0.85			5.17567e+16
0.05			0.9			3.07362e+16
0.05			0.95			3.76746e+15
0.05			1			0

0.1			0.05			9.22139e+16
0.1			0.1			8.92466e+16
0.1			0.15			8.54108e+16
0.1			0.2			8.17467e+16
0.1			0.25			7.89236e+16
0.1			0.3			7.71142e+16
0.1			0.35			7.61419e+16
0.1			0.4			7.57121e+16
0.1			0.45			7.55754e+16
0.1			0.5			7.5581e+16
0.1			0.55			7.56502e+16
0.1			0.6			7.56914e+16
0.1			0.65			7.54376e+16
0.1			0.7			7.41966e+16
0.1			0.75			7.06163e+16
0.1			0.8			6.27432e+16
0.1			0.85			4.86722e+16
0.1			0.9			2.76869e+16
0.1			0.95			1.12586e+15
0.1			1			0

0.15			0.05			8.8401e+16
0.15			0.1			8.53392e+16
0.15			0.15			8.13792e+16
0.15			0.2			7.7593e+16
0.15			0.25			7.4672e+16
0.15			0.3			7.27962e+16
0.15			0.35			7.17846e+16
0.15			0.4			7.13342e+16
0.15			0.45			7.11878e+16
0.15			0.5			7.119e+16
0.15			0.55			7.12616e+16
0.15			0.6			7.13145e+16
0.15			0.65			7.10911e+16
0.15			0.7			6.99172e+16
0.15			0.75			6.64742e+16
0.15			0.8			5.88664e+16
0.15			0.85			4.52859e+16
0.15			0.9			2.51966e+16
0.15			0.95			3.47278e+14
0.15			1			0

0.2			0.05			8.4743e+16
0.2			0.1			8.15888e+16
0.2			0.15			7.75078e+16
0.2			0.2			7.36036e+16
0.2			0.25			7.05887e+16
0.2			0.3			6.86497e+16
0.2			0.35			6.76013e+16
0.2			0.4			6.71318e+16
0.2			0.45			6.69765e+16
0.2			0.5			6.69757e+16
0.2			0.55			6.70501e+16
0.2			0.6			6.71161e+16
0.2			0.65			6.69277e+16
0.2			0.7			6.58346e+16
0.2			0.75			6.25629e+16
0.2			0.8			5.52951e+16
0.2			0.85			4.23424e+16
0.2			0.9			2.33214e+16
0.2			0.95			1.14331e+14
0.2			1			0

0.25			0.05			8.19001e+16
0.25			0.1			7.86726e+16
0.25			0.15			7.4496e+16
0.25			0.2			7.04993e+16
0.25			0.25			6.74118e+16
0.25			0.3			6.54246e+16
0.25			0.35			6.43485e+16
0.25			0.4			6.3865e+16
0.25			0.45			6.37031e+16
0.25			0.5			6.37002e+16
0.25			0.55			6.37769e+16
0.25			0.6			6.3854e+16
0.25			0.65			6.3696e+16
0.25			0.7			6.26747e+16
0.25			0.75			5.9557e+16
0.25			0.8			5.25928e+16
0.25			0.85			4.01854e+16
0.25			0.9			2.20388e+16
0.25			0.95			4.34221e+13
0.25			1			0

0.3			0.05			8.00441e+16
0.3			0.1			7.67678e+16
0.3			0.15			7.25282e+16
0.3			0.2			6.84712e+16
0.3			0.25			6.5337e+16
0.3			0.3			6.33194e+16
0.3			0.35			6.22264e+16
0.3			0.4			6.17343e+16
0.3			0.45			6.15686e+16
0.3			0.5			6.15643e+16
0.3			0.55			6.16425e+16
0.3			0.6			6.17269e+16
0.3			0.65			6.15898e+16
0.3			0.7			6.06187e+16
0.3			0.75			5.76097e+16
0.3			0.8			5.08587e+16
0.3			0.85			3.88259e+16
0.3			0.9			2.12574e+16
0.3			0.95			2.1446e+13
0.3			1			0

0.35			0.05			7.90032e+16
0.35			0.1			7.56996e+16
0.35			0.15			7.14251e+16
0.35			0.2			6.73352e+16
0.35			0.25			6.4176e+16
0.35			0.3			6.21425e+16
0.35			0.35			6.10408e+16
0.35			0.4			6.05446e+16
0.35			0.45			6.03769e+16
0.35			0.5			6.0372e+16
0.35			0.55			6.04509e+16
0.35			0.6			6.05391e+16
0.35			0.65			6.04136e+16
0.35			0.7			5.94712e+16
0.35			0.75			5.65254e+16
0.35			0.8			4.9898e+16
0.35			0.85			3.80801e+16
0.35			0.9			2.08362e+16
0.35			0.95			1.45259e+13
0.35			1			0

0.4			0.05			7.8489e+16
0.4			0.1			7.5173e+16
0.4			0.15			7.08826e+16
0.4			0.2			6.67781e+16
0.4			0.25			6.36081e+16
0.4			0.3			6.15681e+16
0.4			0.35			6.04629e+16
0.4			0.4			5.9965e+16
0.4			0.45			5.97966e+16
0.4			0.5			5.97914e+16
0.4			0.55			5.98705e+16
0.4			0.6			5.99604e+16
0.4			0.65			5.98401e+16
0.4			0.7			5.89114e+16
0.4			0.75			5.59964e+16
0.4			0.8			4.94304e+16
0.4			0.85			3.77188e+16
0.4			0.9			2.0634e+16
0.4			0.95			1.23241e+13
0.4			1			0

0.45			0.05			7.82568e+16
0.45			0.1			7.49367e+16
0.45			0.15			7.06414e+16
0.45			0.2			6.65324e+16
0.45			0.25			6.33594e+16
0.45			0.3			6.13176e+16
0.45			0.35			6.02116e+16
0.45			0.4			5.97133e+16
0.45			0.45			5.95447e+16
0.45			0.5			5.95393e+16
0.45			0.55			5.96184e+16
0.45			0.6			5.97088e+16
0.45			0.65			5.95903e+16
0.45			0.7			5.8667e+16
0.45			0.75			5.57649e+16
0.45			0.8			4.92252e+16
0.45			0.85			3.75602e+16
0.45			0.9			2.05455e+16
0.45			0.95			1.16257e+13
0.45			1			0

0.5			0.05			7.81619e+16
0.5			0.1			7.48422e+16
0.5			0.15			7.05476e+16
0.5			0.2			6.64394e+16
0.5			0.25			6.3267e+16
0.5			0.3			6.12258e+16
0.5			0.35			6.01201e+16
0.5			0.4			5.9622e+16
0.5			0.45			5.94534e+16
0.5			0.5			5.9448e+16
0.5			0.55			5.9527e+16
0.5			0.6			5.96172e+16
0.5			0.65			5.94988e+16
0.5			0.7			5.85762e+16
0.5			0.75			5.56771e+16
0.5			0.8			4.91457e+16
0.5			0.85			3.74976e+16
0.5			0.9			2.05103e+16
0.5			0.95			1.14375e+13
0.5			1			0

0.55			0.05			7.81582e+16
0.55			0.1			7.48423e+16
0.55			0.15			7.05522e+16
0.55			0.2			6.64484e+16
0.55			0.25			6.32792e+16
0.55			0.3			6.124e+16
0.55			0.35			6.01354e+16
0.55			0.4			5.96377e+16
0.55			0.45			5.94693e+16
0.55			0.5			5.94638e+16
0.55			0.55			5.95426e+16
0.55			0.6			5.96319e+16
0.55			0.65			5.95113e+16
0.55			0.7			5.85848e+16
0.55			0.75			5.568e+16
0.55			0.8			4.91429e+16
0.55			0.85			3.74916e+16
0.55			0.9			2.05057e+16
0.55			0.95			1.15496e+13
0.55			1			0

0.6			0.05			7.82908e+16
0.6			0.1			7.49829e+16
0.6			0.15			7.07031e+16
0.6			0.2			6.66087e+16
0.6			0.25			6.34466e+16
0.6			0.3			6.14116e+16
0.6			0.35			6.03092e+16
0.6			0.4			5.98125e+16
0.6			0.45			5.96444e+16
0.6			0.5			5.96389e+16
0.6			0.55			5.97166e+16
0.6			0.6			5.9803e+16
0.6			0.65			5.96755e+16
0.6			0.7			5.87356e+16
0.6			0.75			5.58093e+16
0.6			0.8			4.92435e+16
0.6			0.85			3.75599e+16
0.6			0.9			2.05406e+16
0.6			0.95			1.23004e+13
0.6			1			0

0.65			0.05			7.87025e+16
0.65			0.1			7.5411e+16
0.65			0.15			7.11522e+16
0.65			0.2			6.70773e+16
0.65			0.25			6.39297e+16
0.65			0.3			6.19037e+16
0.65			0.35			6.08061e+16
0.65			0.4			6.03116e+16
0.65			0.45			6.01443e+16
0.65			0.5			6.01384e+16
0.65			0.55			6.02136e+16
0.65			0.6			6.02923e+16
0.65			0.65			6.01471e+16
0.65			0.7			5.91732e+16
0.65			0.75			5.61925e+16
0.65			0.8			4.9552e+16
0.65			0.85			3.7778e+16
0.65			0.9			2.06565e+16
0.65			0.95			1.52357e+13
0.65			1			0

0.7			0.05			7.96361e+16
0.7			0.1			7.63756e+16
0.7			0.15			7.21564e+16
0.7			0.2			6.8119e+16
0.7			0.25			6.5e+16
0.7			0.3			6.29922e+16
0.7			0.35			6.19044e+16
0.7			0.4			6.14146e+16
0.7			0.45			6.12489e+16
0.7			0.5			6.12419e+16
0.7			0.55			6.1311e+16
0.7			0.6			6.13726e+16
0.7			0.65			6.1189e+16
0.7			0.7			6.01433e+16
0.7			0.75			5.70485e+16
0.7			0.8			5.02511e+16
0.7			0.85			3.82829e+16
0.7			0.9			2.09327e+16
0.7			0.95			2.58607e+13
0.7			1			0

0.75			0.05			8.1378e+16
0.75			0.1			7.81695e+16
0.75			0.15			7.40177e+16
0.75			0.2			7.00447e+16
0.75			0.25			6.69755e+16
0.75			0.3			6.50001e+16
0.75			0.35			6.39304e+16
0.75			0.4			6.34493e+16
0.75			0.45			6.32866e+16
0.75			0.5			6.32772e+16
0.75			0.55			6.33342e+16
0.75			0.6			6.33631e+16
0.75			0.65			6.31086e+16
0.75			0.7			6.19334e+16
0.75			0.75			5.86363e+16
0.75			0.8			5.15625e+16
0.75			0.85			3.92504e+16
0.75			0.9			2.1483e+16
0.75			0.95			6.3367e+13
0.75			1			0

0.8			0.05			8.41008e+16
0.8			0.1			8.09685e+16
0.8			0.15			7.69157e+16
0.8			0.2			7.30386e+16
0.8			0.25			7.00447e+16
0.8			0.3			6.81192e+16
0.8			0.35			6.70779e+16
0.8			0.4			6.66107e+16
0.8			0.45			6.64527e+16
0.8			0.5			6.64391e+16
0.8			0.55			6.6476e+16
0.8			0.6			6.64524e+16
0.8			0.65			6.60871e+16
0.8			0.7			6.47142e+16
0.8			0.75			6.1114e+16
0.8			0.8			5.36338e+16
0.8			0.85			4.08218e+16
0.8			0.9			2.24379e+16
0.8			0.95			1.9477e+14
0.8			1			0

0.85			0.05			8.76392e+16
0.85			0.1			8.46013e+16
0.85			0.15			8.06723e+16
0.85			0.2			7.69157e+16
0.85			0.25			7.40177e+16
0.85			0.3			7.21565e+16
0.85			0.35			7.11525e+16
0.85			0.4			7.0704e+16
0.85			0.45			7.05521e+16
0.85			0.5			7.05323e+16
0.85			0.55			7.05416e+16
0.85			0.6			7.04482e+16
0.85			0.65			6.99385e+16
0.85			0.7			6.83132e+16
0.85			0.75			6.43353e+16
0.85			0.8			5.63656e+16
0.85			0.85			4.29822e+16
0.85			0.9			2.39199e+16
0.85			0.95			6.55302e+14
0.85			1			0

0.9			0.05			9.13464e+16
0.9			0.1			8.84044e+16
0.9			0.15			8.46013e+16
0.9			0.2			8.09685e+16
0.9			0.25			7.81695e+16
0.9			0.3			7.63756e+16
0.9			0.35			7.54111e+16
0.9			0.4			7.49824e+16
0.9			0.45			7.48369e+16
0.9			0.5			7.48101e+16
0.9			0.55			7.47894e+16
0.9			0.6			7.4621e+16
0.9			0.65			7.39594e+16
0.9			0.7			7.20728e+16
0.9			0.75			6.77133e+16
0.9			0.8			5.92754e+16
0.9			0.85			4.54239e+16
0.9			0.9			2.59984e+16
0.9			0.95			2.27506e+15
0.9			1			0

0.95			0.05			9.42157e+16
0.95			0.1			9.13464e+16
0.95			0.15			8.76392e+16
0.95			0.2			8.41008e+16
0.95			0.25			8.1378e+16
0.95			0.3			7.96361e+16
0.95			0.35			7.87023e+16
0.95			0.4			7.82891e+16
0.95			0.45			7.81486e+16
0.95			0.5			7.81161e+16
0.95			0.55			7.80714e+16
0.95			0.6			7.7844e+16
0.95			0.65			7.70636e+16
0.95			0.7			7.4974e+16
0.95			0.75			7.0321e+16
0.95			0.8			6.15342e+16
0.95			0.85			4.74106e+16
0.95			0.9			2.82993e+16
0.95			0.95			7.99725e+15
0.95			1			0

1			0.05			9.53018e+16
1			0.1			9.24598e+16
1			0.15			8.87886e+16
1			0.2			8.52857e+16
1			0.25			8.25915e+16
1			0.3			8.08693e+16
1			0.35			7.99471e+16
1			0.4			7.95399e+16
1			0.45			7.94013e+16
1			0.5			7.93666e+16
1			0.55			7.93126e+16
1			0.6			7.90625e+16
1			0.65			7.82363e+16
1			0.7			7.60673e+16
1			0.75			7.12907e+16
1			0.8			6.23106e+16
1			0.85			4.77749e+16
1			0.9			2.72e+16
1			0.95			0
1			1			46.9706

