0.05			0.05			2.68056e+28
0.05			0.1			2.63633e+28
0.05			0.15			2.57304e+28
0.05			0.2			2.50258e+28
0.05			0.25			2.43592e+28
0.05			0.3			2.38049e+28
0.05			0.35			2.3393e+28
0.05			0.4			2.31146e+28
0.05			0.45			2.29326e+28
0.05			0.5			2.2788e+28
0.05			0.55			2.25966e+28
0.05			0.6			2.22369e+28
0.05			0.65			2.15382e+28
0.05			0.7			2.02836e+28
0.05			0.75			1.8242e+28
0.05			0.8			1.52333e+28
0.05			0.85			1.1209e+28
0.05			0.9			6.29717e+27
0.05			0.95			6.74427e+26
0.05			1			0

0.1			0.05			2.63526e+28
0.1			0.1			2.59049e+28
0.1			0.15			2.52641e+28
0.1			0.2			2.45508e+28
0.1			0.25			2.38756e+28
0.1			0.3			2.33141e+28
0.1			0.35			2.28966e+28
0.1			0.4			2.26145e+28
0.1			0.45			2.24306e+28
0.1			0.5			2.2286e+28
0.1			0.55			2.20968e+28
0.1			0.6			2.17426e+28
0.1			0.65			2.10539e+28
0.1			0.7			1.98153e+28
0.1			0.75			1.77952e+28
0.1			0.8			1.48077e+28
0.1			0.85			1.07869e+28
0.1			0.9			5.83404e+27
0.1			0.95			1.8828e+26
0.1			1			0

0.15			0.05			2.57029e+28
0.15			0.1			2.52474e+28
0.15			0.15			2.45954e+28
0.15			0.2			2.38694e+28
0.15			0.25			2.3182e+28
0.15			0.3			2.261e+28
0.15			0.35			2.21847e+28
0.15			0.4			2.18973e+28
0.15			0.45			2.17108e+28
0.15			0.5			2.15662e+28
0.15			0.55			2.13807e+28
0.15			0.6			2.1035e+28
0.15			0.65			2.03626e+28
0.15			0.7			1.91515e+28
0.15			0.75			1.71738e+28
0.15			0.8			1.42468e+28
0.15			0.85			1.0308e+28
0.15			0.9			5.47409e+27
0.15			0.95			5.27401e+25
0.15			1			0

0.2			0.05			2.4977e+28
0.2			0.1			2.45127e+28
0.2			0.15			2.38481e+28
0.2			0.2			2.31079e+28
0.2			0.25			2.24069e+28
0.2			0.3			2.18233e+28
0.2			0.35			2.13891e+28
0.2			0.4			2.10959e+28
0.2			0.45			2.09065e+28
0.2			0.5			2.07623e+28
0.2			0.55			2.05811e+28
0.2			0.6			2.02459e+28
0.2			0.65			1.95937e+28
0.2			0.7			1.84178e+28
0.2			0.75			1.6497e+28
0.2			0.8			1.36561e+28
0.2			0.85			9.842e+27
0.2			0.9			5.18534e+27
0.2			0.95			1.48342e+25
0.2			1			0

0.25			0.05			2.42858e+28
0.25			0.1			2.38132e+28
0.25			0.15			2.31366e+28
0.25			0.2			2.23828e+28
0.25			0.25			2.16689e+28
0.25			0.3			2.10743e+28
0.25			0.35			2.06318e+28
0.25			0.4			2.03332e+28
0.25			0.45			2.01412e+28
0.25			0.5			1.99974e+28
0.25			0.55			1.98207e+28
0.25			0.6			1.94963e+28
0.25			0.65			1.8865e+28
0.25			0.7			1.77258e+28
0.25			0.75			1.5865e+28
0.25			0.8			1.31157e+28
0.25			0.85			9.43294e+27
0.25			0.9			4.95327e+27
0.25			0.95			4.19456e+24
0.25			1			0

0.3			0.05			2.37058e+28
0.3			0.1			2.32262e+28
0.3			0.15			2.25395e+28
0.3			0.2			2.17744e+28
0.3			0.25			2.10496e+28
0.3			0.3			2.04458e+28
0.3			0.35			1.99965e+28
0.3			0.4			1.96934e+28
0.3			0.45			1.94993e+28
0.3			0.5			1.9356e+28
0.3			0.55			1.91834e+28
0.3			0.6			1.88685e+28
0.3			0.65			1.82559e+28
0.3			0.7			1.71495e+28
0.3			0.75			1.53423e+28
0.3			0.8			1.26742e+28
0.3			0.85			9.10586e+27
0.3			0.9			4.77484e+27
0.3			0.95			1.19522e+24
0.3			1			0

0.35			0.05			2.32703e+28
0.35			0.1			2.27854e+28
0.35			0.15			2.20913e+28
0.35			0.2			2.13178e+28
0.35			0.25			2.05849e+28
0.35			0.3			1.99744e+28
0.35			0.35			1.95201e+28
0.35			0.4			1.92138e+28
0.35			0.45			1.90182e+28
0.35			0.5			1.88753e+28
0.35			0.55			1.87058e+28
0.35			0.6			1.83984e+28
0.35			0.65			1.78002e+28
0.35			0.7			1.67194e+28
0.35			0.75			1.49538e+28
0.35			0.8			1.23486e+28
0.35			0.85			8.8674e+27
0.35			0.9			4.64707e+27
0.35			0.95			3.45488e+23
0.35			1			0

0.4			0.05			2.29781e+28
0.4			0.1			2.24898e+28
0.4			0.15			2.17908e+28
0.4			0.2			2.10118e+28
0.4			0.25			2.02738e+28
0.4			0.3			1.9659e+28
0.4			0.35			1.92014e+28
0.4			0.4			1.8893e+28
0.4			0.45			1.86965e+28
0.4			0.5			1.8554e+28
0.4			0.55			1.83865e+28
0.4			0.6			1.8084e+28
0.4			0.65			1.74956e+28
0.4			0.7			1.64322e+28
0.4			0.75			1.4695e+28
0.4			0.8			1.21324e+28
0.4			0.85			8.71006e+27
0.4			0.9			4.56347e+27
0.4			0.95			1.04047e+23
0.4			1			0

0.45			0.05			2.28102e+28
0.45			0.1			2.23202e+28
0.45			0.15			2.16186e+28
0.45			0.2			2.08368e+28
0.45			0.25			2.00961e+28
0.45			0.3			1.9479e+28
0.45			0.35			1.90198e+28
0.45			0.4			1.87103e+28
0.45			0.45			1.85132e+28
0.45			0.5			1.83708e+28
0.45			0.55			1.82043e+28
0.45			0.6			1.79044e+28
0.45			0.65			1.73212e+28
0.45			0.7			1.62674e+28
0.45			0.75			1.45463e+28
0.45			0.8			1.20082e+28
0.45			0.85			8.6197e+27
0.45			0.9			4.5156e+27
0.45			0.95			3.78742e+22
0.45			1			0

0.5			0.05			2.2747e+28
0.5			0.1			2.22566e+28
0.5			0.15			2.15545e+28
0.5			0.2			2.07721e+28
0.5			0.25			2.00309e+28
0.5			0.3			1.94134e+28
0.5			0.35			1.89537e+28
0.5			0.4			1.8644e+28
0.5			0.45			1.84466e+28
0.5			0.5			1.8304e+28
0.5			0.55			1.81374e+28
0.5			0.6			1.78376e+28
0.5			0.65			1.72553e+28
0.5			0.7			1.6204e+28
0.5			0.75			1.4488e+28
0.5			0.8			1.19587e+28
0.5			0.85			8.58336e+27
0.5			0.9			4.49625e+27
0.5			0.95			3.01046e+22
0.5			1			0

0.55			0.05			2.27806e+28
0.55			0.1			2.22911e+28
0.55			0.15			2.15903e+28
0.55			0.2			2.08095e+28
0.55			0.25			2.00696e+28
0.55			0.3			1.94533e+28
0.55			0.35			1.89944e+28
0.55			0.4			1.8685e+28
0.55			0.45			1.84876e+28
0.55			0.5			1.83443e+28
0.55			0.55			1.81761e+28
0.55			0.6			1.78738e+28
0.55			0.65			1.7288e+28
0.55			0.7			1.6232e+28
0.55			0.75			1.45106e+28
0.55			0.8			1.19756e+28
0.55			0.85			8.59457e+27
0.55			0.9			4.50188e+27
0.55			0.95			6.83764e+22
0.55			1			0

0.6			0.05			2.29184e+28
0.6			0.1			2.24313e+28
0.6			0.15			2.17339e+28
0.6			0.2			2.09568e+28
0.6			0.25			2.02205e+28
0.6			0.3			1.9607e+28
0.6			0.35			1.91502e+28
0.6			0.4			1.88419e+28
0.6			0.45			1.86444e+28
0.6			0.5			1.84996e+28
0.6			0.55			1.83281e+28
0.6			0.6			1.802e+28
0.6			0.65			1.74251e+28
0.6			0.7			1.63563e+28
0.6			0.75			1.46179e+28
0.6			0.8			1.20617e+28
0.6			0.85			8.65537e+27
0.6			0.9			4.53363e+27
0.6			0.95			2.23978e+23
0.6			1			0

0.65			0.05			2.318e+28
0.65			0.1			2.26969e+28
0.65			0.15			2.20051e+28
0.65			0.2			2.12343e+28
0.65			0.25			2.05039e+28
0.65			0.3			1.98953e+28
0.65			0.35			1.9442e+28
0.65			0.4			1.91355e+28
0.65			0.45			1.89378e+28
0.65			0.5			1.87906e+28
0.65			0.55			1.86134e+28
0.65			0.6			1.82952e+28
0.65			0.65			1.76846e+28
0.65			0.7			1.65931e+28
0.65			0.75			1.48242e+28
0.65			0.8			1.2229e+28
0.65			0.85			8.77476e+27
0.65			0.9			4.59674e+27
0.65			0.95			7.85349e+23
0.65			1			0

0.7			0.05			2.35843e+28
0.7			0.1			2.31069e+28
0.7			0.15			2.24233e+28
0.7			0.2			2.16617e+28
0.7			0.25			2.094e+28
0.7			0.3			2.03386e+28
0.7			0.35			1.98904e+28
0.7			0.4			1.95864e+28
0.7			0.45			1.93886e+28
0.7			0.5			1.92376e+28
0.7			0.55			1.90518e+28
0.7			0.6			1.87186e+28
0.7			0.65			1.80844e+28
0.7			0.7			1.69592e+28
0.7			0.75			1.51449e+28
0.7			0.8			1.24911e+28
0.7			0.85			8.96418e+27
0.7			0.9			4.69878e+27
0.7			0.95			2.79745e+24
0.7			1			0

0.75			0.05			2.41331e+28
0.75			0.1			2.36631e+28
0.75			0.15			2.29902e+28
0.75			0.2			2.22406e+28
0.75			0.25			2.15303e+28
0.75			0.3			2.09384e+28
0.75			0.35			2.04968e+28
0.75			0.4			2.01963e+28
0.75			0.45			1.99982e+28
0.75			0.5			1.9842e+28
0.75			0.55			1.96447e+28
0.75			0.6			1.92914e+28
0.75			0.65			1.86262e+28
0.75			0.7			1.74568e+28
0.75			0.75			1.5583e+28
0.75			0.8			1.28532e+28
0.75			0.85			9.23106e+27
0.75			0.9			4.84805e+27
0.75			0.95			1.0023e+25
0.75			1			0

0.8			0.05			2.4794e+28
0.8			0.1			2.43327e+28
0.8			0.15			2.36724e+28
0.8			0.2			2.29369e+28
0.8			0.25			2.224e+28
0.8			0.3			2.16593e+28
0.8			0.35			2.12256e+28
0.8			0.4			2.09292e+28
0.8			0.45			2.07305e+28
0.8			0.5			2.05681e+28
0.8			0.55			2.03571e+28
0.8			0.6			1.998e+28
0.8			0.65			1.92783e+28
0.8			0.7			1.80574e+28
0.8			0.75			1.61159e+28
0.8			0.8			1.33005e+28
0.8			0.85			9.57228e+27
0.8			0.9			5.05426e+27
0.8			0.95			3.60305e+25
0.8			1			0

0.85			0.05			2.54928e+28
0.85			0.1			2.50405e+28
0.85			0.15			2.43932e+28
0.85			0.2			2.36723e+28
0.85			0.25			2.29894e+28
0.85			0.3			2.24203e+28
0.85			0.35			2.19949e+28
0.85			0.4			2.17026e+28
0.85			0.45			2.15033e+28
0.85			0.5			2.13344e+28
0.85			0.55			2.11089e+28
0.85			0.6			2.0707e+28
0.85			0.65			1.99677e+28
0.85			0.7			1.86948e+28
0.85			0.75			1.66865e+28
0.85			0.8			1.37907e+28
0.85			0.85			9.96859e+27
0.85			0.9			5.334e+27
0.85			0.95			1.29841e+26
0.85			1			0

0.9			0.05			2.61205e+28
0.9			0.1			2.56762e+28
0.9			0.15			2.50405e+28
0.9			0.2			2.43325e+28
0.9			0.25			2.36621e+28
0.9			0.3			2.31033e+28
0.9			0.35			2.26852e+28
0.9			0.4			2.23966e+28
0.9			0.45			2.21968e+28
0.9			0.5			2.20219e+28
0.9			0.55			2.17836e+28
0.9			0.6			2.13596e+28
0.9			0.65			2.05874e+28
0.9			0.7			1.92696e+28
0.9			0.75			1.72061e+28
0.9			0.8			1.425e+28
0.9			0.85			1.0375e+28
0.9			0.9			5.71285e+27
0.9			0.95			4.68864e+26
0.9			1			0

0.95			0.05			2.65592e+28
0.95			0.1			2.61205e+28
0.95			0.15			2.54927e+28
0.95			0.2			2.47937e+28
0.95			0.25			2.41319e+28
0.95			0.3			2.35804e+28
0.95			0.35			2.31673e+28
0.95			0.4			2.28814e+28
0.95			0.45			2.26811e+28
0.95			0.5			2.25021e+28
0.95			0.55			2.22547e+28
0.95			0.6			2.18155e+28
0.95			0.65			2.10204e+28
0.95			0.7			1.96721e+28
0.95			0.75			1.75717e+28
0.95			0.8			1.4579e+28
0.95			0.85			1.06912e+28
0.95			0.9			6.14573e+27
0.95			0.95			1.69614e+27
0.95			1			0

1			0.05			2.6717e+28
1			0.1			2.62803e+28
1			0.15			2.56554e+28
1			0.2			2.49596e+28
1			0.25			2.43009e+28
1			0.3			2.37519e+28
1			0.35			2.33407e+28
1			0.4			2.30557e+28
1			0.45			2.28553e+28
1			0.5			2.26748e+28
1			0.55			2.24241e+28
1			0.6			2.19794e+28
1			0.65			2.11761e+28
1			0.7			1.98164e+28
1			0.75			1.77006e+28
1			0.8			1.4683e+28
1			0.85			1.07281e+28
1			0.9			5.89638e+27
1			0.95			0
1			1			76.9519

