0.05			0.05			2.36144e+25
0.05			0.1			2.31669e+25
0.05			0.15			2.25381e+25
0.05			0.2			2.1857e+25
0.05			0.25			2.12358e+25
0.05			0.3			2.07429e+25
0.05			0.35			2.03978e+25
0.05			0.4			2.01832e+25
0.05			0.45			2.00613e+25
0.05			0.5			1.99836e+25
0.05			0.55			1.98867e+25
0.05			0.6			1.96769e+25
0.05			0.65			1.92088e+25
0.05			0.7			1.82761e+25
0.05			0.75			1.66336e+25
0.05			0.8			1.40617e+25
0.05			0.85			1.04622e+25
0.05			0.9			5.9294e+24
0.05			0.95			6.4741e+23
0.05			1			0

0.1			0.05			2.3157e+25
0.1			0.1			2.2703e+25
0.1			0.15			2.20651e+25
0.1			0.2			2.13739e+25
0.1			0.25			2.07434e+25
0.1			0.3			2.02427e+25
0.1			0.35			1.9892e+25
0.1			0.4			1.96737e+25
0.1			0.45			1.955e+25
0.1			0.5			1.94719e+25
0.1			0.55			1.93766e+25
0.1			0.6			1.91708e+25
0.1			0.65			1.87107e+25
0.1			0.7			1.77916e+25
0.1			0.75			1.61687e+25
0.1			0.8			1.36183e+25
0.1			0.85			1.00277e+25
0.1			0.9			5.46716e+24
0.1			0.95			1.82284e+23
0.1			1			0

0.15			0.05			2.25127e+25
0.15			0.1			2.20497e+25
0.15			0.15			2.13988e+25
0.15			0.2			2.06935e+25
0.15			0.25			2.00497e+25
0.15			0.3			1.95382e+25
0.15			0.35			1.91796e+25
0.15			0.4			1.89562e+25
0.15			0.45			1.88299e+25
0.15			0.5			1.87514e+25
0.15			0.55			1.86585e+25
0.15			0.6			1.84591e+25
0.15			0.65			1.8012e+25
0.15			0.7			1.71164e+25
0.15			0.75			1.55321e+25
0.15			0.8			1.30404e+25
0.15			0.85			9.53428e+24
0.15			0.9			5.10106e+24
0.15			0.95			5.15883e+22
0.15			1			0

0.2			0.05			2.18121e+25
0.2			0.1			2.13391e+25
0.2			0.15			2.06742e+25
0.2			0.2			1.99533e+25
0.2			0.25			1.92951e+25
0.2			0.3			1.87719e+25
0.2			0.35			1.84047e+25
0.2			0.4			1.81759e+25
0.2			0.45			1.80467e+25
0.2			0.5			1.79681e+25
0.2			0.55			1.7878e+25
0.2			0.6			1.76864e+25
0.2			0.65			1.72553e+25
0.2			0.7			1.63892e+25
0.2			0.75			1.48556e+25
0.2			0.8			1.2445e+25
0.2			0.85			9.06182e+24
0.2			0.9			4.80828e+24
0.2			0.95			1.4699e+22
0.2			1			0

0.25			0.05			2.11686e+25
0.25			0.1			2.06864e+25
0.25			0.15			2.00085e+25
0.25			0.2			1.92734e+25
0.25			0.25			1.8602e+25
0.25			0.3			1.8068e+25
0.25			0.35			1.7693e+25
0.25			0.4			1.74593e+25
0.25			0.45			1.73277e+25
0.25			0.5			1.7249e+25
0.25			0.55			1.71618e+25
0.25			0.6			1.6978e+25
0.25			0.65			1.65629e+25
0.25			0.7			1.57269e+25
0.25			0.75			1.42452e+25
0.25			0.8			1.19179e+25
0.25			0.85			8.65933e+24
0.25			0.9			4.5786e+24
0.25			0.95			4.23021e+21
0.25			1			0

0.3			0.05			2.06518e+25
0.3			0.1			2.01623e+25
0.3			0.15			1.94739e+25
0.3			0.2			1.87274e+25
0.3			0.25			1.80454e+25
0.3			0.3			1.75029e+25
0.3			0.35			1.71218e+25
0.3			0.4			1.68842e+25
0.3			0.45			1.67507e+25
0.3			0.5			1.6672e+25
0.3			0.55			1.65874e+25
0.3			0.6			1.64102e+25
0.3			0.65			1.60088e+25
0.3			0.7			1.51986e+25
0.3			0.75			1.37614e+25
0.3			0.8			1.15051e+25
0.3			0.85			8.35048e+24
0.3			0.9			4.40884e+24
0.3			0.95			1.23957e+21
0.3			1			0

0.35			0.05			2.0283e+25
0.35			0.1			1.97882e+25
0.35			0.15			1.90924e+25
0.35			0.2			1.83378e+25
0.35			0.25			1.76484e+25
0.35			0.3			1.71e+25
0.35			0.35			1.67146e+25
0.35			0.4			1.64744e+25
0.35			0.45			1.63396e+25
0.35			0.5			1.6261e+25
0.35			0.55			1.61783e+25
0.35			0.6			1.60059e+25
0.35			0.65			1.56147e+25
0.35			0.7			1.48236e+25
0.35			0.75			1.34194e+25
0.35			0.8			1.12153e+25
0.35			0.85			8.13613e+24
0.35			0.9			4.29309e+24
0.35			0.95			3.78457e+20
0.35			1			0

0.4			0.05			2.0048e+25
0.4			0.1			1.955e+25
0.4			0.15			1.88496e+25
0.4			0.2			1.80902e+25
0.4			0.25			1.73963e+25
0.4			0.3			1.68442e+25
0.4			0.35			1.64563e+25
0.4			0.4			1.62145e+25
0.4			0.45			1.6079e+25
0.4			0.5			1.60005e+25
0.4			0.55			1.59189e+25
0.4			0.6			1.57496e+25
0.4			0.65			1.53649e+25
0.4			0.7			1.45861e+25
0.4			0.75			1.32032e+25
0.4			0.8			1.10328e+25
0.4			0.85			8.00194e+24
0.4			0.9			4.22124e+24
0.4			0.95			1.28847e+20
0.4			1			0

0.45			0.05			1.99187e+25
0.45			0.1			1.9419e+25
0.45			0.15			1.87164e+25
0.45			0.2			1.79545e+25
0.45			0.25			1.72584e+25
0.45			0.3			1.67046e+25
0.45			0.35			1.63155e+25
0.45			0.4			1.6073e+25
0.45			0.45			1.59371e+25
0.45			0.5			1.58586e+25
0.45			0.55			1.57775e+25
0.45			0.6			1.56097e+25
0.45			0.65			1.52283e+25
0.45			0.7			1.4456e+25
0.45			0.75			1.30846e+25
0.45			0.8			1.09326e+25
0.45			0.85			7.92834e+24
0.45			0.9			4.18194e+24
0.45			0.95			5.85402e+19
0.45			1			0

0.5			0.05			1.98702e+25
0.5			0.1			1.93702e+25
0.5			0.15			1.86672e+25
0.5			0.2			1.79049e+25
0.5			0.25			1.72085e+25
0.5			0.3			1.66543e+25
0.5			0.35			1.6265e+25
0.5			0.4			1.60223e+25
0.5			0.45			1.58863e+25
0.5			0.5			1.58076e+25
0.5			0.55			1.57265e+25
0.5			0.6			1.55587e+25
0.5			0.65			1.51778e+25
0.5			0.7			1.4407e+25
0.5			0.75			1.3039e+25
0.5			0.8			1.08935e+25
0.5			0.85			7.89922e+24
0.5			0.9			4.1663e+24
0.5			0.95			4.88053e+19
0.5			1			0

0.55			0.05			1.9893e+25
0.55			0.1			1.93939e+25
0.55			0.15			1.86922e+25
0.55			0.2			1.79312e+25
0.55			0.25			1.7236e+25
0.55			0.3			1.66828e+25
0.55			0.35			1.62941e+25
0.55			0.4			1.60518e+25
0.55			0.45			1.59158e+25
0.55			0.5			1.58368e+25
0.55			0.55			1.57547e+25
0.55			0.6			1.55852e+25
0.55			0.65			1.52018e+25
0.55			0.7			1.44276e+25
0.55			0.75			1.30555e+25
0.55			0.8			1.09056e+25
0.55			0.85			7.9071e+24
0.55			0.9			4.1702e+24
0.55			0.95			8.55439e+19
0.55			1			0

0.6			0.05			1.99963e+25
0.6			0.1			1.94994e+25
0.6			0.15			1.88008e+25
0.6			0.2			1.80431e+25
0.6			0.25			1.73508e+25
0.6			0.3			1.68e+25
0.6			0.35			1.6413e+25
0.6			0.4			1.61715e+25
0.6			0.45			1.60356e+25
0.6			0.5			1.59558e+25
0.6			0.55			1.58716e+25
0.6			0.6			1.56983e+25
0.6			0.65			1.53083e+25
0.6			0.7			1.45245e+25
0.6			0.75			1.31395e+25
0.6			0.8			1.0973e+25
0.6			0.85			7.95479e+24
0.6			0.9			4.19516e+24
0.6			0.95			2.36939e+20
0.6			1			0

0.65			0.05			2.02045e+25
0.65			0.1			1.97114e+25
0.65			0.15			1.90181e+25
0.65			0.2			1.82662e+25
0.65			0.25			1.75792e+25
0.65			0.3			1.70326e+25
0.65			0.35			1.66484e+25
0.65			0.4			1.64085e+25
0.65			0.45			1.62728e+25
0.65			0.5			1.61915e+25
0.65			0.55			1.61035e+25
0.65			0.6			1.59229e+25
0.65			0.65			1.5521e+25
0.65			0.7			1.47194e+25
0.65			0.75			1.33097e+25
0.65			0.8			1.11114e+25
0.65			0.85			8.05384e+24
0.65			0.9			4.24769e+24
0.65			0.95			7.80013e+20
0.65			1			0

0.7			0.05			2.05458e+25
0.7			0.1			2.00585e+25
0.7			0.15			1.93733e+25
0.7			0.2			1.86303e+25
0.7			0.25			1.79514e+25
0.7			0.3			1.74113e+25
0.7			0.35			1.70315e+25
0.7			0.4			1.67939e+25
0.7			0.45			1.66584e+25
0.7			0.5			1.65747e+25
0.7			0.55			1.64806e+25
0.7			0.6			1.62884e+25
0.7			0.65			1.58677e+25
0.7			0.7			1.50379e+25
0.7			0.75			1.35895e+25
0.7			0.8			1.13407e+25
0.7			0.85			8.21997e+24
0.7			0.9			4.33753e+24
0.7			0.95			2.71256e+21
0.7			1			0

0.75			0.05			2.10346e+25
0.75			0.1			2.05551e+25
0.75			0.15			1.9881e+25
0.75			0.2			1.91501e+25
0.75			0.25			1.84824e+25
0.75			0.3			1.79512e+25
0.75			0.35			1.75776e+25
0.75			0.4			1.73433e+25
0.75			0.45			1.7208e+25
0.75			0.5			1.71208e+25
0.75			0.55			1.70178e+25
0.75			0.6			1.68094e+25
0.75			0.65			1.63623e+25
0.75			0.7			1.54935e+25
0.75			0.75			1.39917e+25
0.75			0.8			1.16737e+25
0.75			0.85			8.46592e+24
0.75			0.9			4.4755e+24
0.75			0.95			9.60574e+21
0.75			1			0

0.8			0.05			2.16505e+25
0.8			0.1			2.11807e+25
0.8			0.15			2.05201e+25
0.8			0.2			1.9804e+25
0.8			0.25			1.915e+25
0.8			0.3			1.86298e+25
0.8			0.35			1.82639e+25
0.8			0.4			1.80337e+25
0.8			0.45			1.78986e+25
0.8			0.5			1.78068e+25
0.8			0.55			1.76929e+25
0.8			0.6			1.74641e+25
0.8			0.65			1.69843e+25
0.8			0.7			1.60681e+25
0.8			0.75			1.45022e+25
0.8			0.8			1.21025e+25
0.8			0.85			8.793e+24
0.8			0.9			4.67301e+24
0.8			0.95			3.42676e+22
0.8			1			0

0.85			0.05			2.23259e+25
0.85			0.1			2.18663e+25
0.85			0.15			2.12203e+25
0.85			0.2			2.05201e+25
0.85			0.25			1.98809e+25
0.85			0.3			1.93726e+25
0.85			0.35			1.90149e+25
0.85			0.4			1.87891e+25
0.85			0.45			1.86543e+25
0.85			0.5			1.85575e+25
0.85			0.55			1.84314e+25
0.85			0.6			1.81805e+25
0.85			0.65			1.76657e+25
0.85			0.7			1.66992e+25
0.85			0.75			1.50674e+25
0.85			0.8			1.25872e+25
0.85			0.85			9.18314e+24
0.85			0.9			4.94573e+24
0.85			0.95			1.22748e+23
0.85			1			0

0.9			0.05			2.29495e+25
0.9			0.1			2.24992e+25
0.9			0.15			2.18663e+25
0.9			0.2			2.11806e+25
0.9			0.25			2.05549e+25
0.9			0.3			2.00575e+25
0.9			0.35			1.97075e+25
0.9			0.4			1.94856e+25
0.9			0.45			1.9351e+25
0.9			0.5			1.92495e+25
0.9			0.55			1.91122e+25
0.9			0.6			1.88411e+25
0.9			0.65			1.82945e+25
0.9			0.7			1.72833e+25
0.9			0.75			1.55948e+25
0.9			0.8			1.30511e+25
0.9			0.85			9.58856e+24
0.9			0.9			5.31456e+24
0.9			0.95			4.40987e+23
0.9			1			0

0.95			0.05			2.33932e+25
0.95			0.1			2.29495e+25
0.95			0.15			2.23259e+25
0.95			0.2			2.16505e+25
0.95			0.25			2.10343e+25
0.95			0.3			2.05446e+25
0.95			0.35			2.01999e+25
0.95			0.4			1.9981e+25
0.95			0.45			1.98464e+25
0.95			0.5			1.97416e+25
0.95			0.55			1.95962e+25
0.95			0.6			1.93108e+25
0.95			0.65			1.87418e+25
0.95			0.7			1.76992e+25
0.95			0.75			1.59718e+25
0.95			0.8			1.33877e+25
0.95			0.85			9.90543e+24
0.95			0.9			5.73124e+24
0.95			0.95			1.58812e+24
0.95			1			0

1			0.05			2.35543e+25
1			0.1			2.31129e+25
1			0.15			2.24927e+25
1			0.2			2.1821e+25
1			0.25			2.12082e+25
1			0.3			2.07214e+25
1			0.35			2.03786e+25
1			0.4			2.01607e+25
1			0.45			2.00261e+25
1			0.5			1.99201e+25
1			0.55			1.97719e+25
1			0.6			1.94812e+25
1			0.65			1.8904e+25
1			0.7			1.78497e+25
1			0.75			1.6106e+25
1			0.8			1.34961e+25
1			0.85			9.9477e+24
1			0.9			5.50118e+24
1			0.95			0
1			1			68.9569

