0.05			0.05			0.999375
0.05			0.1			1
0.05			0.15			1.00063
0.05			0.2			1.00125
0.05			0.25			1.00188
0.05			0.3			1.0025
0.05			0.35			1.00313
0.05			0.4			1.00376
0.05			0.45			1.00438
0.05			0.5			1.00501
0.05			0.55			1.00564
0.05			0.6			1.00627
0.05			0.65			1.0069
0.05			0.7			1.00753
0.05			0.75			1.00816
0.05			0.8			1.00879
0.05			0.85			1.00942
0.05			0.9			1.01005
0.05			0.95			3.03141
0.05			1			0

0.1			0.05			0.998751
0.1			0.1			0.999375
0.1			0.15			1
0.1			0.2			1.00063
0.1			0.25			1.00125
0.1			0.3			1.00188
0.1			0.35			1.0025
0.1			0.4			1.00313
0.1			0.45			1.00376
0.1			0.5			1.00438
0.1			0.55			1.00501
0.1			0.6			1.00564
0.1			0.65			1.00627
0.1			0.7			1.0069
0.1			0.75			1.00753
0.1			0.8			1.00816
0.1			0.85			1.00879
0.1			0.9			1.00942
0.1			0.95			3.02952
0.1			1			0

0.15			0.05			0.998127
0.15			0.1			0.998751
0.15			0.15			0.999375
0.15			0.2			1
0.15			0.25			1.00063
0.15			0.3			1.00125
0.15			0.35			1.00188
0.15			0.4			1.0025
0.15			0.45			1.00313
0.15			0.5			1.00376
0.15			0.55			1.00438
0.15			0.6			1.00501
0.15			0.65			1.00564
0.15			0.7			1.00627
0.15			0.75			1.0069
0.15			0.8			1.00753
0.15			0.85			1.00816
0.15			0.9			1.00879
0.15			0.95			3.02763
0.15			1			0

0.2			0.05			0.997503
0.2			0.1			0.998127
0.2			0.15			0.998751
0.2			0.2			0.999375
0.2			0.25			1
0.2			0.3			1.00063
0.2			0.35			1.00125
0.2			0.4			1.00188
0.2			0.45			1.0025
0.2			0.5			1.00313
0.2			0.55			1.00376
0.2			0.6			1.00438
0.2			0.65			1.00501
0.2			0.7			1.00564
0.2			0.75			1.00627
0.2			0.8			1.0069
0.2			0.85			1.00753
0.2			0.9			1.00816
0.2			0.95			3.02574
0.2			1			0

0.25			0.05			0.99688
0.25			0.1			0.997503
0.25			0.15			0.998127
0.25			0.2			0.998751
0.25			0.25			0.999375
0.25			0.3			1
0.25			0.35			1.00063
0.25			0.4			1.00125
0.25			0.45			1.00188
0.25			0.5			1.0025
0.25			0.55			1.00313
0.25			0.6			1.00376
0.25			0.65			1.00438
0.25			0.7			1.00501
0.25			0.75			1.00564
0.25			0.8			1.00627
0.25			0.85			1.0069
0.25			0.9			1.00753
0.25			0.95			3.02384
0.25			1			0

0.3			0.05			0.996257
0.3			0.1			0.99688
0.3			0.15			0.997503
0.3			0.2			0.998127
0.3			0.25			0.998751
0.3			0.3			0.999375
0.3			0.35			1
0.3			0.4			1.00063
0.3			0.45			1.00125
0.3			0.5			1.00188
0.3			0.55			1.0025
0.3			0.6			1.00313
0.3			0.65			1.00376
0.3			0.7			1.00438
0.3			0.75			1.00501
0.3			0.8			1.00564
0.3			0.85			1.00627
0.3			0.9			1.0069
0.3			0.95			3.02196
0.3			1			0

0.35			0.05			0.995635
0.35			0.1			0.996257
0.35			0.15			0.99688
0.35			0.2			0.997503
0.35			0.25			0.998127
0.35			0.3			0.998751
0.35			0.35			0.999375
0.35			0.4			1
0.35			0.45			1.00063
0.35			0.5			1.00125
0.35			0.55			1.00188
0.35			0.6			1.0025
0.35			0.65			1.00313
0.35			0.7			1.00376
0.35			0.75			1.00438
0.35			0.8			1.00501
0.35			0.85			1.00564
0.35			0.9			1.00627
0.35			0.95			3.02007
0.35			1			0

0.4			0.05			0.995012
0.4			0.1			0.995635
0.4			0.15			0.996257
0.4			0.2			0.99688
0.4			0.25			0.997503
0.4			0.3			0.998127
0.4			0.35			0.998751
0.4			0.4			0.999375
0.4			0.45			1
0.4			0.5			1.00063
0.4			0.55			1.00125
0.4			0.6			1.00188
0.4			0.65			1.0025
0.4			0.7			1.00313
0.4			0.75			1.00376
0.4			0.8			1.00438
0.4			0.85			1.00501
0.4			0.9			1.00564
0.4			0.95			3.01818
0.4			1			0

0.45			0.05			0.994391
0.45			0.1			0.995012
0.45			0.15			0.995635
0.45			0.2			0.996257
0.45			0.25			0.99688
0.45			0.3			0.997503
0.45			0.35			0.998127
0.45			0.4			0.998751
0.45			0.45			0.999375
0.45			0.5			1
0.45			0.55			1.00063
0.45			0.6			1.00125
0.45			0.65			1.00188
0.45			0.7			1.0025
0.45			0.75			1.00313
0.45			0.8			1.00376
0.45			0.85			1.00438
0.45			0.9			1.00501
0.45			0.95			3.01629
0.45			1			0

0.5			0.05			0.993769
0.5			0.1			0.994391
0.5			0.15			0.995012
0.5			0.2			0.995635
0.5			0.25			0.996257
0.5			0.3			0.99688
0.5			0.35			0.997503
0.5			0.4			0.998127
0.5			0.45			0.998751
0.5			0.5			0.999375
0.5			0.55			1
0.5			0.6			1.00063
0.5			0.65			1.00125
0.5			0.7			1.00188
0.5			0.75			1.0025
0.5			0.8			1.00313
0.5			0.85			1.00376
0.5			0.9			1.00438
0.5			0.95			3.01441
0.5			1			0

0.55			0.05			0.993149
0.55			0.1			0.993769
0.55			0.15			0.994391
0.55			0.2			0.995012
0.55			0.25			0.995635
0.55			0.3			0.996257
0.55			0.35			0.99688
0.55			0.4			0.997503
0.55			0.45			0.998127
0.55			0.5			0.998751
0.55			0.55			0.999375
0.55			0.6			1
0.55			0.65			1.00063
0.55			0.7			1.00125
0.55			0.75			1.00188
0.55			0.8			1.0025
0.55			0.85			1.00313
0.55			0.9			1.00376
0.55			0.95			3.01253
0.55			1			0

0.6			0.05			0.992528
0.6			0.1			0.993149
0.6			0.15			0.993769
0.6			0.2			0.994391
0.6			0.25			0.995012
0.6			0.3			0.995635
0.6			0.35			0.996257
0.6			0.4			0.99688
0.6			0.45			0.997503
0.6			0.5			0.998127
0.6			0.55			0.998751
0.6			0.6			0.999375
0.6			0.65			1
0.6			0.7			1.00063
0.6			0.75			1.00125
0.6			0.8			1.00188
0.6			0.85			1.0025
0.6			0.9			1.00313
0.6			0.95			3.01064
0.6			1			0

0.65			0.05			0.991908
0.65			0.1			0.992528
0.65			0.15			0.993149
0.65			0.2			0.993769
0.65			0.25			0.994391
0.65			0.3			0.995012
0.65			0.35			0.995635
0.65			0.4			0.996257
0.65			0.45			0.99688
0.65			0.5			0.997503
0.65			0.55			0.998127
0.65			0.6			0.998751
0.65			0.65			0.999375
0.65			0.7			1
0.65			0.75			1.00063
0.65			0.8			1.00125
0.65			0.85			1.00188
0.65			0.9			1.0025
0.65			0.95			3.00876
0.65			1			0

0.7			0.05			0.991288
0.7			0.1			0.991908
0.7			0.15			0.992528
0.7			0.2			0.993149
0.7			0.25			0.993769
0.7			0.3			0.994391
0.7			0.35			0.995012
0.7			0.4			0.995635
0.7			0.45			0.996257
0.7			0.5			0.99688
0.7			0.55			0.997503
0.7			0.6			0.998127
0.7			0.65			0.998751
0.7			0.7			0.999375
0.7			0.75			1
0.7			0.8			1.00063
0.7			0.85			1.00125
0.7			0.9			1.00188
0.7			0.95			3.00688
0.7			1			0

0.75			0.05			0.990669
0.75			0.1			0.991288
0.75			0.15			0.991908
0.75			0.2			0.992528
0.75			0.25			0.993149
0.75			0.3			0.993769
0.75			0.35			0.994391
0.75			0.4			0.995012
0.75			0.45			0.995635
0.75			0.5			0.996257
0.75			0.55			0.99688
0.75			0.6			0.997503
0.75			0.65			0.998127
0.75			0.7			0.998751
0.75			0.75			0.999375
0.75			0.8			1
0.75			0.85			1.00063
0.75			0.9			1.00125
0.75			0.95			3.005
0.75			1			0

0.8			0.05			0.99005
0.8			0.1			0.990669
0.8			0.15			0.991288
0.8			0.2			0.991908
0.8			0.25			0.992528
0.8			0.3			0.993149
0.8			0.35			0.993769
0.8			0.4			0.994391
0.8			0.45			0.995012
0.8			0.5			0.995635
0.8			0.55			0.996257
0.8			0.6			0.99688
0.8			0.65			0.997503
0.8			0.7			0.998127
0.8			0.75			0.998751
0.8			0.8			0.999375
0.8			0.85			1
0.8			0.9			1.00063
0.8			0.95			3.00313
0.8			1			0

0.85			0.05			0.989431
0.85			0.1			0.99005
0.85			0.15			0.990669
0.85			0.2			0.991288
0.85			0.25			0.991908
0.85			0.3			0.992528
0.85			0.35			0.993149
0.85			0.4			0.993769
0.85			0.45			0.994391
0.85			0.5			0.995012
0.85			0.55			0.995635
0.85			0.6			0.996257
0.85			0.65			0.99688
0.85			0.7			0.997503
0.85			0.75			0.998127
0.85			0.8			0.998751
0.85			0.85			0.999375
0.85			0.9			1
0.85			0.95			3.00125
0.85			1			0

0.9			0.05			0.988813
0.9			0.1			0.989431
0.9			0.15			0.99005
0.9			0.2			0.990669
0.9			0.25			0.991288
0.9			0.3			0.991908
0.9			0.35			0.992528
0.9			0.4			0.993149
0.9			0.45			0.993769
0.9			0.5			0.994391
0.9			0.55			0.995012
0.9			0.6			0.995635
0.9			0.65			0.996257
0.9			0.7			0.99688
0.9			0.75			0.997503
0.9			0.8			0.998127
0.9			0.85			0.998751
0.9			0.9			0.999375
0.9			0.95			2.99938
0.9			1			0

0.95			0.05			0.988195
0.95			0.1			0.988813
0.95			0.15			0.989431
0.95			0.2			0.99005
0.95			0.25			0.990669
0.95			0.3			0.991288
0.95			0.35			0.991908
0.95			0.4			0.992528
0.95			0.45			0.993149
0.95			0.5			0.993769
0.95			0.55			0.994391
0.95			0.6			0.995012
0.95			0.65			0.995635
0.95			0.7			0.996257
0.95			0.75			0.99688
0.95			0.8			0.997503
0.95			0.85			0.998127
0.95			0.9			0.998751
0.95			0.95			0.999375
0.95			1			0

1			0.05			2.96335
1			0.1			2.9652
1			0.15			2.96706
1			0.2			2.96891
1			0.25			2.97077
1			0.3			2.97263
1			0.35			2.97448
1			0.4			2.97634
1			0.45			2.9782
1			0.5			2.98007
1			0.55			2.98193
1			0.6			2.98379
1			0.65			2.98566
1			0.7			2.98753
1			0.75			2.98939
1			0.8			2.99126
1			0.85			2.99313
1			0.9			2.995
1			0.95			0
1			1			2.99813

