0.05			0.05			1.32915e+10
0.05			0.1			1.25783e+10
0.05			0.15			1.18033e+10
0.05			0.2			1.1234e+10
0.05			0.25			1.09271e+10
0.05			0.3			1.08038e+10
0.05			0.35			1.0769e+10
0.05			0.4			1.07656e+10
0.05			0.45			1.07705e+10
0.05			0.5			1.07772e+10
0.05			0.55			1.07854e+10
0.05			0.6			1.07993e+10
0.05			0.65			1.08293e+10
0.05			0.7			1.08798e+10
0.05			0.75			1.08822e+10
0.05			0.8			1.05426e+10
0.05			0.85			9.2246e+09
0.05			0.9			6.1661e+09
0.05			0.95			1.06048e+09
0.05			1			0

0.1			0.05			1.25698e+10
0.1			0.1			1.1822e+10
0.1			0.15			1.10074e+10
0.1			0.2			1.04068e+10
0.1			0.25			1.00809e+10
0.1			0.3			9.94848e+09
0.1			0.35			9.91009e+09
0.1			0.4			9.90523e+09
0.1			0.45			9.90936e+09
0.1			0.5			9.91552e+09
0.1			0.55			9.92338e+09
0.1			0.6			9.93741e+09
0.1			0.65			9.96882e+09
0.1			0.7			1.00233e+10
0.1			0.75			1.0032e+10
0.1			0.8			9.69757e+09
0.1			0.85			8.37807e+09
0.1			0.9			5.32576e+09
0.1			0.95			3.97977e+08
0.1			1			0

0.15			0.05			1.1783e+10
0.15			0.1			1.09959e+10
0.15			0.15			1.01369e+10
0.15			0.2			9.50163e+09
0.15			0.25			9.15538e+09
0.15			0.3			9.01352e+09
0.15			0.35			8.97145e+09
0.15			0.4			8.96517e+09
0.15			0.45			8.96853e+09
0.15			0.5			8.9741e+09
0.15			0.55			8.98153e+09
0.15			0.6			8.99569e+09
0.15			0.65			9.02902e+09
0.15			0.7			9.08982e+09
0.15			0.75			9.11363e+09
0.15			0.8			8.81139e+09
0.15			0.85			7.56377e+09
0.15			0.9			4.68741e+09
0.15			0.95			1.83087e+08
0.15			1			0

0.2			0.05			1.12005e+10
0.2			0.1			1.03825e+10
0.2			0.15			9.4893e+09
0.2			0.2			8.82813e+09
0.2			0.25			8.46725e+09
0.2			0.3			8.31895e+09
0.2			0.35			8.27452e+09
0.2			0.4			8.26734e+09
0.2			0.45			8.27019e+09
0.2			0.5			8.27532e+09
0.2			0.55			8.28239e+09
0.2			0.6			8.29655e+09
0.2			0.65			8.33126e+09
0.2			0.7			8.39742e+09
0.2			0.75			8.43597e+09
0.2			0.8			8.16873e+09
0.2			0.85			7.00004e+09
0.2			0.9			4.29393e+09
0.2			0.95			1.1291e+08
0.2			1			0

0.25			0.05			1.08801e+10
0.25			0.1			1.00438e+10
0.25			0.15			9.13102e+09
0.25			0.2			8.45562e+09
0.25			0.25			8.08718e+09
0.25			0.3			7.93582e+09
0.25			0.35			7.89035e+09
0.25			0.4			7.88276e+09
0.25			0.45			7.88536e+09
0.25			0.5			7.89025e+09
0.25			0.55			7.89709e+09
0.25			0.6			7.91118e+09
0.25			0.65			7.94647e+09
0.25			0.7			8.01545e+09
0.25			0.75			8.06277e+09
0.25			0.8			7.81781e+09
0.25			0.85			6.69951e+09
0.25			0.9			4.0959e+09
0.25			0.95			9.03206e+07
0.25			1			0

0.3			0.05			1.07433e+10
0.3			0.1			9.89884e+09
0.3			0.15			8.97758e+09
0.3			0.2			8.29643e+09
0.3			0.25			7.92519e+09
0.3			0.3			7.77282e+09
0.3			0.35			7.72704e+09
0.3			0.4			7.71933e+09
0.3			0.45			7.72182e+09
0.3			0.5			7.72661e+09
0.3			0.55			7.73335e+09
0.3			0.6			7.74737e+09
0.3			0.65			7.78279e+09
0.3			0.7			7.85273e+09
0.3			0.75			7.90358e+09
0.3			0.8			7.66838e+09
0.3			0.85			6.57282e+09
0.3			0.9			4.01466e+09
0.3			0.95			8.33509e+07
0.3			1			0

0.35			0.05			1.06951e+10
0.35			0.1			9.84803e+09
0.35			0.15			8.92421e+09
0.35			0.2			8.24149e+09
0.35			0.25			7.86962e+09
0.35			0.3			7.71708e+09
0.35			0.35			7.67126e+09
0.35			0.4			7.66352e+09
0.35			0.45			7.66597e+09
0.35			0.5			7.67073e+09
0.35			0.55			7.67743e+09
0.35			0.6			7.69141e+09
0.35			0.65			7.72682e+09
0.35			0.7			7.79695e+09
0.35			0.75			7.84876e+09
0.35			0.8			7.61671e+09
0.35			0.85			6.52903e+09
0.35			0.9			3.98689e+09
0.35			0.95			8.1344e+07
0.35			1			0

0.4			0.05			1.06783e+10
0.4			0.1			9.83081e+09
0.4			0.15			8.90672e+09
0.4			0.2			8.22395e+09
0.4			0.25			7.85214e+09
0.4			0.3			7.69965e+09
0.4			0.35			7.65385e+09
0.4			0.4			7.6461e+09
0.4			0.45			7.64855e+09
0.4			0.5			7.65329e+09
0.4			0.55			7.65999e+09
0.4			0.6			7.67395e+09
0.4			0.65			7.70933e+09
0.4			0.7			7.77945e+09
0.4			0.75			7.83142e+09
0.4			0.8			7.60019e+09
0.4			0.85			6.51494e+09
0.4			0.9			3.97801e+09
0.4			0.95			8.08041e+07
0.4			1			0

0.45			0.05			1.06697e+10
0.45			0.1			9.82258e+09
0.45			0.15			8.89889e+09
0.45			0.2			8.21646e+09
0.45			0.25			7.84486e+09
0.45			0.3			7.69246e+09
0.45			0.35			7.64669e+09
0.45			0.4			7.63894e+09
0.45			0.45			7.64139e+09
0.45			0.5			7.64613e+09
0.45			0.55			7.65281e+09
0.45			0.6			7.66677e+09
0.45			0.65			7.70212e+09
0.45			0.7			7.7722e+09
0.45			0.75			7.82416e+09
0.45			0.8			7.59318e+09
0.45			0.85			6.50892e+09
0.45			0.9			3.97426e+09
0.45			0.95			8.06463e+07
0.45			1			0

0.5			0.05			1.06628e+10
0.5			0.1			9.81617e+09
0.5			0.15			8.89303e+09
0.5			0.2			8.21103e+09
0.5			0.25			7.83966e+09
0.5			0.3			7.68736e+09
0.5			0.35			7.6416e+09
0.5			0.4			7.63387e+09
0.5			0.45			7.63631e+09
0.5			0.5			7.64105e+09
0.5			0.55			7.64773e+09
0.5			0.6			7.66167e+09
0.5			0.65			7.69701e+09
0.5			0.7			7.76704e+09
0.5			0.75			7.81897e+09
0.5			0.8			7.58813e+09
0.5			0.85			6.50456e+09
0.5			0.9			3.97155e+09
0.5			0.95			8.05558e+07
0.5			1			0

0.55			0.05			1.06564e+10
0.55			0.1			9.8103e+09
0.55			0.15			8.88777e+09
0.55			0.2			8.20619e+09
0.55			0.25			7.83506e+09
0.55			0.3			7.68285e+09
0.55			0.35			7.63713e+09
0.55			0.4			7.6294e+09
0.55			0.45			7.63184e+09
0.55			0.5			7.63657e+09
0.55			0.55			7.64325e+09
0.55			0.6			7.65718e+09
0.55			0.65			7.6925e+09
0.55			0.7			7.76248e+09
0.55			0.75			7.81435e+09
0.55			0.8			7.58356e+09
0.55			0.85			6.50048e+09
0.55			0.9			3.96889e+09
0.55			0.95			8.04201e+07
0.55			1			0

0.6			0.05			1.06516e+10
0.6			0.1			9.80624e+09
0.6			0.15			8.88446e+09
0.6			0.2			8.20339e+09
0.6			0.25			7.83251e+09
0.6			0.3			7.6804e+09
0.6			0.35			7.63471e+09
0.6			0.4			7.62699e+09
0.6			0.45			7.62943e+09
0.6			0.5			7.63416e+09
0.6			0.55			7.64084e+09
0.6			0.6			7.65476e+09
0.6			0.65			7.69005e+09
0.6			0.7			7.75995e+09
0.6			0.75			7.81158e+09
0.6			0.8			7.58032e+09
0.6			0.85			6.49689e+09
0.6			0.9			3.96607e+09
0.6			0.95			8.0152e+07
0.6			1			0

0.65			0.05			1.0655e+10
0.65			0.1			9.81107e+09
0.65			0.15			8.89069e+09
0.65			0.2			8.21052e+09
0.65			0.25			7.84005e+09
0.65			0.3			7.68808e+09
0.65			0.35			7.64243e+09
0.65			0.4			7.63471e+09
0.65			0.45			7.63716e+09
0.65			0.5			7.6419e+09
0.65			0.55			7.64858e+09
0.65			0.6			7.6625e+09
0.65			0.65			7.69772e+09
0.65			0.7			7.76728e+09
0.65			0.75			7.81769e+09
0.65			0.8			7.58376e+09
0.65			0.85			6.49683e+09
0.65			0.9			3.96417e+09
0.65			0.95			7.97582e+07
0.65			1			0

0.7			0.05			1.06893e+10
0.7			0.1			9.84911e+09
0.7			0.15			8.93241e+09
0.7			0.2			8.25463e+09
0.7			0.25			7.88524e+09
0.7			0.3			7.73363e+09
0.7			0.35			7.68808e+09
0.7			0.4			7.68041e+09
0.7			0.45			7.68288e+09
0.7			0.5			7.68765e+09
0.7			0.55			7.69435e+09
0.7			0.6			7.70826e+09
0.7			0.65			7.74316e+09
0.7			0.7			7.81115e+09
0.7			0.75			7.85678e+09
0.7			0.8			7.61302e+09
0.7			0.85			6.51286e+09
0.7			0.9			3.96945e+09
0.7			0.95			7.99058e+07
0.7			1			0

0.75			0.05			1.08114e+10
0.75			0.1			9.9803e+09
0.75			0.15			9.07309e+09
0.75			0.2			8.40184e+09
0.75			0.25			8.03567e+09
0.75			0.3			7.88524e+09
0.75			0.35			7.84005e+09
0.75			0.4			7.83251e+09
0.75			0.45			7.83509e+09
0.75			0.5			7.83995e+09
0.75			0.55			7.84672e+09
0.75			0.6			7.86046e+09
0.75			0.65			7.89402e+09
0.75			0.7			7.95664e+09
0.75			0.75			7.98773e+09
0.75			0.8			7.71628e+09
0.75			0.85			6.57934e+09
0.75			0.9			4.00184e+09
0.75			0.95			8.40033e+07
0.75			1			0

0.8			0.05			1.11154e+10
0.8			0.1			1.03032e+10
0.8			0.15			9.41649e+09
0.8			0.2			8.76011e+09
0.8			0.25			8.40184e+09
0.8			0.3			8.25463e+09
0.8			0.35			8.21052e+09
0.8			0.4			8.20339e+09
0.8			0.45			8.20622e+09
0.8			0.5			8.2113e+09
0.8			0.55			8.21817e+09
0.8			0.6			8.23122e+09
0.8			0.65			8.26079e+09
0.8			0.7			8.30959e+09
0.8			0.75			8.30658e+09
0.8			0.8			7.97397e+09
0.8			0.85			6.75775e+09
0.8			0.9			4.10276e+09
0.8			0.95			1.05084e+08
0.8			1			0

0.85			0.05			1.16792e+10
0.85			0.1			1.08985e+10
0.85			0.15			1.00465e+10
0.85			0.2			9.41649e+09
0.85			0.25			9.07309e+09
0.85			0.3			8.93241e+09
0.85			0.35			8.89069e+09
0.85			0.4			8.88446e+09
0.85			0.45			8.88779e+09
0.85			0.5			8.89326e+09
0.85			0.55			8.90015e+09
0.85			0.6			8.91142e+09
0.85			0.65			8.93247e+09
0.85			0.7			8.95459e+09
0.85			0.75			8.89017e+09
0.85			0.8			8.45285e+09
0.85			0.85			7.1064e+09
0.85			0.9			4.32806e+09
0.85			0.95			1.88577e+08
0.85			1			0

0.9			0.05			1.24468e+10
0.9			0.1			1.17057e+10
0.9			0.15			1.08985e+10
0.9			0.2			1.03032e+10
0.9			0.25			9.9803e+09
0.9			0.3			9.84911e+09
0.9			0.35			9.81107e+09
0.9			0.4			9.80625e+09
0.9			0.45			9.81032e+09
0.9			0.5			9.81627e+09
0.9			0.55			9.823e+09
0.9			0.6			9.83121e+09
0.9			0.65			9.83935e+09
0.9			0.7			9.82367e+09
0.9			0.75			9.67636e+09
0.9			0.8			9.10378e+09
0.9			0.85			7.60138e+09
0.9			0.9			4.71107e+09
0.9			0.95			4.89291e+08
0.9			1			0

0.95			0.05			1.31531e+10
0.95			0.1			1.24468e+10
0.95			0.15			1.16792e+10
0.95			0.2			1.11154e+10
0.95			0.25			1.08114e+10
0.95			0.3			1.06893e+10
0.95			0.35			1.0655e+10
0.95			0.4			1.06516e+10
0.95			0.45			1.06564e+10
0.95			0.5			1.06627e+10
0.95			0.55			1.06692e+10
0.95			0.6			1.06741e+10
0.95			0.65			1.06693e+10
0.95			0.7			1.06173e+10
0.95			0.75			1.0392e+10
0.95			0.8			9.69441e+09
0.95			0.85			8.05747e+09
0.95			0.9			5.1568e+09
0.95			0.95			1.53648e+09
0.95			1			0

1			0.05			1.34446e+10
1			0.1			1.27522e+10
1			0.15			1.20007e+10
1			0.2			1.14497e+10
1			0.25			1.11536e+10
1			0.3			1.10354e+10
1			0.35			1.10026e+10
1			0.4			1.09998e+10
1			0.45			1.10049e+10
1			0.5			1.10114e+10
1			0.55			1.10177e+10
1			0.6			1.10211e+10
1			0.65			1.10107e+10
1			0.7			1.09427e+10
1			0.75			1.06822e+10
1			0.8			9.91936e+09
1			0.85			8.16242e+09
1			0.9			4.94267e+09
1			0.95			0
1			1			28.9819

