0.05			0.05			1.3704e+26
0.05			0.1			1.34535e+26
0.05			0.15			1.30997e+26
0.05			0.2			1.27136e+26
0.05			0.25			1.2358e+26
0.05			0.3			1.20722e+26
0.05			0.35			1.18689e+26
0.05			0.4			1.17397e+26
0.05			0.45			1.16635e+26
0.05			0.5			1.16117e+26
0.05			0.55			1.15457e+26
0.05			0.6			1.14087e+26
0.05			0.65			1.11152e+26
0.05			0.7			1.05472e+26
0.05			0.75			9.56888e+25
0.05			0.8			8.06246e+25
0.05			0.85			5.98046e+25
0.05			0.9			3.38114e+25
0.05			0.95			3.67175e+24
0.05			1			0

0.1			0.05			1.34478e+26
0.1			0.1			1.31938e+26
0.1			0.15			1.28351e+26
0.1			0.2			1.24436e+26
0.1			0.25			1.20828e+26
0.1			0.3			1.17927e+26
0.1			0.35			1.15863e+26
0.1			0.4			1.1455e+26
0.1			0.45			1.13778e+26
0.1			0.5			1.13258e+26
0.1			0.55			1.12607e+26
0.1			0.6			1.11262e+26
0.1			0.65			1.08374e+26
0.1			0.7			1.02775e+26
0.1			0.75			9.31049e+25
0.1			0.8			7.81616e+25
0.1			0.85			5.73842e+25
0.1			0.9			3.12166e+25
0.1			0.95			1.0313e+24
0.1			1			0

0.15			0.05			1.30851e+26
0.15			0.1			1.28262e+26
0.15			0.15			1.24606e+26
0.15			0.2			1.20613e+26
0.15			0.25			1.16932e+26
0.15			0.3			1.13971e+26
0.15			0.35			1.11862e+26
0.15			0.4			1.1052e+26
0.15			0.45			1.09733e+26
0.15			0.5			1.09212e+26
0.15			0.55			1.08576e+26
0.15			0.6			1.0727e+26
0.15			0.65			1.0446e+26
0.15			0.7			9.89987e+25
0.15			0.75			8.95513e+25
0.15			0.8			7.49408e+25
0.15			0.85			5.4635e+25
0.15			0.9			2.91708e+25
0.15			0.95			2.90996e+23
0.15			1			0

0.2			0.05			1.26878e+26
0.2			0.1			1.24235e+26
0.2			0.15			1.20501e+26
0.2			0.2			1.16424e+26
0.2			0.25			1.12663e+26
0.2			0.3			1.09636e+26
0.2			0.35			1.07478e+26
0.2			0.4			1.06106e+26
0.2			0.45			1.05302e+26
0.2			0.5			1.0478e+26
0.2			0.55			1.04163e+26
0.2			0.6			1.02904e+26
0.2			0.65			1.0019e+26
0.2			0.7			9.49026e+25
0.2			0.75			8.5749e+25
0.2			0.8			7.16022e+25
0.2			0.85			5.19904e+25
0.2			0.9			2.75325e+25
0.2			0.95			8.2594e+22
0.2			1			0

0.25			0.05			1.23193e+26
0.25			0.1			1.205e+26
0.25			0.15			1.16694e+26
0.25			0.2			1.12538e+26
0.25			0.25			1.08703e+26
0.25			0.3			1.05615e+26
0.25			0.35			1.03413e+26
0.25			0.4			1.02012e+26
0.25			0.45			1.01194e+26
0.25			0.5			1.00673e+26
0.25			0.55			1.00073e+26
0.25			0.6			9.88621e+25
0.25			0.65			9.62449e+25
0.25			0.7			9.1136e+25
0.25			0.75			8.22859e+25
0.25			0.8			6.862e+25
0.25			0.85			4.97187e+25
0.25			0.9			2.62385e+25
0.25			0.95			2.36392e+22
0.25			1			0

0.3			0.05			1.20198e+26
0.3			0.1			1.17464e+26
0.3			0.15			1.136e+26
0.3			0.2			1.09379e+26
0.3			0.25			1.05485e+26
0.3			0.3			1.02348e+26
0.3			0.35			1.0011e+26
0.3			0.4			9.86863e+25
0.3			0.45			9.78581e+25
0.3			0.5			9.7337e+25
0.3			0.55			9.67538e+25
0.3			0.6			9.55836e+25
0.3			0.65			9.30502e+25
0.3			0.7			8.80959e+25
0.3			0.75			7.9509e+25
0.3			0.8			6.62569e+25
0.3			0.85			4.79556e+25
0.3			0.9			2.52714e+25
0.3			0.95			6.86254e+21
0.3			1			0

0.35			0.05			1.18031e+26
0.35			0.1			1.15267e+26
0.35			0.15			1.11361e+26
0.35			0.2			1.07094e+26
0.35			0.25			1.03157e+26
0.35			0.3			9.99859e+25
0.35			0.35			9.77231e+25
0.35			0.4			9.62832e+25
0.35			0.45			9.54475e+25
0.35			0.5			9.49272e+25
0.35			0.55			9.43562e+25
0.35			0.6			9.32166e+25
0.35			0.65			9.07462e+25
0.35			0.7			8.59083e+25
0.35			0.75			7.7519e+25
0.35			0.8			6.45756e+25
0.35			0.85			4.67153e+25
0.35			0.9			2.46032e+25
0.35			0.95			2.05477e+21
0.35			1			0

0.4			0.05			1.1663e+26
0.4			0.1			1.13847e+26
0.4			0.15			1.09916e+26
0.4			0.2			1.0562e+26
0.4			0.25			1.01657e+26
0.4			0.3			9.84643e+25
0.4			0.35			9.61862e+25
0.4			0.4			9.47366e+25
0.4			0.45			9.38964e+25
0.4			0.5			9.33768e+25
0.4			0.55			9.28134e+25
0.4			0.6			9.16936e+25
0.4			0.65			8.92641e+25
0.4			0.7			8.45023e+25
0.4			0.75			7.62426e+25
0.4			0.8			6.35012e+25
0.4			0.85			4.59275e+25
0.4			0.9			2.41822e+25
0.4			0.95			6.69264e+20
0.4			1			0

0.45			0.05			1.15849e+26
0.45			0.1			1.13058e+26
0.45			0.15			1.09113e+26
0.45			0.2			1.04803e+26
0.45			0.25			1.00827e+26
0.45			0.3			9.76236e+25
0.45			0.35			9.5338e+25
0.45			0.4			9.38837e+25
0.45			0.45			9.30412e+25
0.45			0.5			9.25217e+25
0.45			0.55			9.19618e+25
0.45			0.6			9.08517e+25
0.45			0.65			8.84432e+25
0.45			0.7			8.37219e+25
0.45			0.75			7.55331e+25
0.45			0.8			6.29037e+25
0.45			0.85			4.54898e+25
0.45			0.9			2.3949e+25
0.45			0.95			2.82134e+20
0.45			1			0

0.5			0.05			1.15557e+26
0.5			0.1			1.12763e+26
0.5			0.15			1.08816e+26
0.5			0.2			1.04504e+26
0.5			0.25			1.00525e+26
0.5			0.3			9.73197e+25
0.5			0.35			9.50326e+25
0.5			0.4			9.35773e+25
0.5			0.45			9.27339e+25
0.5			0.5			9.22136e+25
0.5			0.55			9.16531e+25
0.5			0.6			9.05432e+25
0.5			0.65			8.81378e+25
0.5			0.7			8.34263e+25
0.5			0.75			7.52591e+25
0.5			0.8			6.26691e+25
0.5			0.85			4.53159e+25
0.5			0.9			2.38558e+25
0.5			0.95			2.30963e+20
0.5			1			0

0.55			0.05			1.157e+26
0.55			0.1			1.12911e+26
0.55			0.15			1.08971e+26
0.55			0.2			1.04667e+26
0.55			0.25			1.00695e+26
0.55			0.3			9.74956e+25
0.55			0.35			9.52125e+25
0.55			0.4			9.37592e+25
0.55			0.45			9.29157e+25
0.55			0.5			9.23929e+25
0.55			0.55			9.18266e+25
0.55			0.6			9.07062e+25
0.55			0.65			8.82851e+25
0.55			0.7			8.35525e+25
0.55			0.75			7.53605e+25
0.55			0.8			6.2744e+25
0.55			0.85			4.5365e+25
0.55			0.9			2.38803e+25
0.55			0.95			4.39635e+20
0.55			1			0

0.6			0.05			1.16328e+26
0.6			0.1			1.13552e+26
0.6			0.15			1.0963e+26
0.6			0.2			1.05345e+26
0.6			0.25			1.01391e+26
0.6			0.3			9.82056e+25
0.6			0.35			9.59322e+25
0.6			0.4			9.44841e+25
0.6			0.45			9.36411e+25
0.6			0.5			9.3113e+25
0.6			0.55			9.25334e+25
0.6			0.6			9.13883e+25
0.6			0.65			8.89273e+25
0.6			0.7			8.41364e+25
0.6			0.75			7.58657e+25
0.6			0.8			6.315e+25
0.6			0.85			4.56518e+25
0.6			0.9			2.40303e+25
0.6			0.95			1.29543e+21
0.6			1			0

0.65			0.05			1.17574e+26
0.65			0.1			1.14819e+26
0.65			0.15			1.10927e+26
0.65			0.2			1.06676e+26
0.65			0.25			1.02752e+26
0.65			0.3			9.95916e+25
0.65			0.35			9.73352e+25
0.65			0.4			9.58962e+25
0.65			0.45			9.50539e+25
0.65			0.5			9.45162e+25
0.65			0.55			9.39125e+25
0.65			0.6			9.2723e+25
0.65			0.65			9.01896e+25
0.65			0.7			8.52918e+25
0.65			0.75			7.68746e+25
0.65			0.8			6.39695e+25
0.65			0.85			4.6238e+25
0.65			0.9			2.43409e+25
0.65			0.95			4.36945e+21
0.65			1			0

0.7			0.05			1.19582e+26
0.7			0.1			1.1686e+26
0.7			0.15			1.13014e+26
0.7			0.2			1.08812e+26
0.7			0.25			1.04936e+26
0.7			0.3			1.01812e+26
0.7			0.35			9.95818e+25
0.7			0.4			9.81566e+25
0.7			0.45			9.7315e+25
0.7			0.5			9.67619e+25
0.7			0.55			9.61203e+25
0.7			0.6			9.48611e+25
0.7			0.65			9.22151e+25
0.7			0.7			8.71513e+25
0.7			0.75			7.85065e+25
0.7			0.8			6.5306e+25
0.7			0.85			4.72059e+25
0.7			0.9			2.48638e+25
0.7			0.95			1.53296e+22
0.7			1			0

0.75			0.05			1.22415e+26
0.75			0.1			1.19736e+26
0.75			0.15			1.15952e+26
0.75			0.2			1.11819e+26
0.75			0.25			1.08005e+26
0.75			0.3			1.04933e+26
0.75			0.35			1.02738e+26
0.75			0.4			1.01332e+26
0.75			0.45			1.00491e+26
0.75			0.5			9.99158e+25
0.75			0.55			9.92211e+25
0.75			0.6			9.78649e+25
0.75			0.65			9.50638e+25
0.75			0.7			8.97733e+25
0.75			0.75			8.08198e+25
0.75			0.8			6.72203e+25
0.75			0.85			4.86192e+25
0.75			0.9			2.56559e+25
0.75			0.95			5.4496e+22
0.75			1			0

0.8			0.05			1.25941e+26
0.8			0.1			1.23316e+26
0.8			0.15			1.19606e+26
0.8			0.2			1.15555e+26
0.8			0.25			1.11818e+26
0.8			0.3			1.08808e+26
0.8			0.35			1.06657e+26
0.8			0.4			1.05273e+26
0.8			0.45			1.04433e+26
0.8			0.5			1.0383e+26
0.8			0.55			1.03069e+26
0.8			0.6			1.01594e+26
0.8			0.65			9.86038e+25
0.8			0.7			9.30407e+25
0.8			0.75			8.37218e+25
0.8			0.8			6.96578e+25
0.8			0.85			5.04782e+25
0.8			0.9			2.67786e+25
0.8			0.95			1.94856e+23
0.8			1			0

0.85			0.05			1.2977e+26
0.85			0.1			1.272e+26
0.85			0.15			1.2357e+26
0.85			0.2			1.19606e+26
0.85			0.25			1.15951e+26
0.85			0.3			1.13008e+26
0.85			0.35			1.10903e+26
0.85			0.4			1.09544e+26
0.85			0.45			1.08704e+26
0.85			0.5			1.08071e+26
0.85			0.55			1.07238e+26
0.85			0.6			1.05635e+26
0.85			0.65			1.02444e+26
0.85			0.7			9.65962e+25
0.85			0.75			8.69057e+25
0.85			0.8			7.23894e+25
0.85			0.85			5.26793e+25
0.85			0.9			2.83207e+25
0.85			0.95			6.99182e+23
0.85			1			0

0.9			0.05			1.33278e+26
0.9			0.1			1.30758e+26
0.9			0.15			1.272e+26
0.9			0.2			1.23315e+26
0.9			0.25			1.19734e+26
0.9			0.3			1.16852e+26
0.9			0.35			1.14789e+26
0.9			0.4			1.13453e+26
0.9			0.45			1.12612e+26
0.9			0.5			1.11951e+26
0.9			0.55			1.11053e+26
0.9			0.6			1.09334e+26
0.9			0.65			1.05962e+26
0.9			0.7			9.9863e+25
0.9			0.75			8.98562e+25
0.9			0.8			7.49883e+25
0.9			0.85			5.49576e+25
0.9			0.9			3.04062e+25
0.9			0.95			2.51547e+24
0.9			1			0

0.95			0.05			1.35763e+26
0.95			0.1			1.33278e+26
0.95			0.15			1.2977e+26
0.95			0.2			1.25941e+26
0.95			0.25			1.22412e+26
0.95			0.3			1.19572e+26
0.95			0.35			1.1754e+26
0.95			0.4			1.16219e+26
0.95			0.45			1.15378e+26
0.95			0.5			1.14697e+26
0.95			0.55			1.13753e+26
0.95			0.6			1.11951e+26
0.95			0.65			1.08453e+26
0.95			0.7			1.02179e+26
0.95			0.75			9.19566e+25
0.95			0.8			7.68673e+25
0.95			0.85			5.67358e+25
0.95			0.9			3.27687e+25
0.95			0.95			9.07021e+24
0.95			1			0

1			0.05			1.36662e+26
1			0.1			1.3419e+26
1			0.15			1.307e+26
1			0.2			1.26891e+26
1			0.25			1.23382e+26
1			0.3			1.20557e+26
1			0.35			1.18535e+26
1			0.4			1.1722e+26
1			0.45			1.16379e+26
1			0.5			1.15691e+26
1			0.55			1.1473e+26
1			0.6			1.12898e+26
1			0.65			1.09354e+26
1			0.7			1.03015e+26
1			0.75			9.27026e+25
1			0.8			7.74693e+25
1			0.85			5.69655e+25
1			0.9			3.14497e+25
1			0.95			0
1			1			70.9557

