0.05			0.05			4.91537e+14
0.05			0.1			4.73918e+14
0.05			0.15			4.52036e+14
0.05			0.2			4.32363e+14
0.05			0.25			4.18398e+14
0.05			0.3			4.10344e+14
0.05			0.35			4.06563e+14
0.05			0.4			4.05181e+14
0.05			0.45			4.049e+14
0.05			0.5			4.05083e+14
0.05			0.55			4.05534e+14
0.05			0.6			4.06163e+14
0.05			0.65			4.06321e+14
0.05			0.7			4.03391e+14
0.05			0.75			3.90736e+14
0.05			0.8			3.56676e+14
0.05			0.85			2.87443e+14
0.05			0.9			1.75077e+14
0.05			0.95			2.30061e+13
0.05			1			0

0.1			0.05			4.73652e+14
0.1			0.1			4.55502e+14
0.1			0.15			4.32944e+14
0.1			0.2			4.12637e+14
0.1			0.25			3.98195e+14
0.1			0.3			3.8984e+14
0.1			0.35			3.85896e+14
0.1			0.4			3.84436e+14
0.1			0.45			3.84119e+14
0.1			0.5			3.84287e+14
0.1			0.55			3.84739e+14
0.1			0.6			3.85396e+14
0.1			0.65			3.85631e+14
0.1			0.7			3.82855e+14
0.1			0.75			3.70465e+14
0.1			0.8			3.36784e+14
0.1			0.85			2.67963e+14
0.1			0.9			1.55988e+14
0.1			0.95			7.17033e+12
0.1			1			0

0.15			0.05			4.5138e+14
0.15			0.1			4.32556e+14
0.15			0.15			4.09144e+14
0.15			0.2			3.88041e+14
0.15			0.25			3.73004e+14
0.15			0.3			3.64279e+14
0.15			0.35			3.60138e+14
0.15			0.4			3.58583e+14
0.15			0.45			3.58223e+14
0.15			0.5			3.58372e+14
0.15			0.55			3.58828e+14
0.15			0.6			3.59528e+14
0.15			0.65			3.59891e+14
0.15			0.7			3.57413e+14
0.15			0.75			3.45662e+14
0.15			0.8			3.133e+14
0.15			0.85			2.47147e+14
0.15			0.9			1.40502e+14
0.15			0.95			2.37795e+12
0.15			1			0

0.2			0.05			4.31242e+14
0.2			0.1			4.11793e+14
0.2			0.15			3.87592e+14
0.2			0.2			3.65762e+14
0.2			0.25			3.50188e+14
0.2			0.3			3.41134e+14
0.2			0.35			3.36821e+14
0.2			0.4			3.35185e+14
0.2			0.45			3.34788e+14
0.2			0.5			3.34923e+14
0.2			0.55			3.35383e+14
0.2			0.6			3.36128e+14
0.2			0.65			3.36628e+14
0.2			0.7			3.34496e+14
0.2			0.75			3.23525e+14
0.2			0.8			2.92817e+14
0.2			0.85			2.29956e+14
0.2			0.9			1.29321e+14
0.2			0.95			8.99675e+11
0.2			1			0

0.25			0.05			4.1678e+14
0.25			0.1			3.96868e+14
0.25			0.15			3.72087e+14
0.25			0.2			3.4973e+14
0.25			0.25			3.33775e+14
0.25			0.3			3.24492e+14
0.25			0.35			3.20062e+14
0.25			0.4			3.18374e+14
0.25			0.45			3.17952e+14
0.25			0.5			3.18076e+14
0.25			0.55			3.18538e+14
0.25			0.6			3.19316e+14
0.25			0.65			3.19926e+14
0.25			0.7			3.18076e+14
0.25			0.75			3.07759e+14
0.25			0.8			2.78436e+14
0.25			0.85			2.18247e+14
0.25			0.9			1.2219e+14
0.25			0.95			4.35032e+11
0.25			1			0

0.3			0.05			4.08219e+14
0.3			0.1			3.88025e+14
0.3			0.15			3.62897e+14
0.3			0.2			3.40229e+14
0.3			0.25			3.24054e+14
0.3			0.3			3.14644e+14
0.3			0.35			3.10151e+14
0.3			0.4			3.08434e+14
0.3			0.45			3.08001e+14
0.3			0.5			3.08118e+14
0.3			0.55			3.08581e+14
0.3			0.6			3.09377e+14
0.3			0.65			3.10051e+14
0.3			0.7			3.08377e+14
0.3			0.75			2.98476e+14
0.3			0.8			2.70036e+14
0.3			0.85			2.11522e+14
0.3			0.9			1.18229e+14
0.3			0.95			2.86877e+11
0.3			1			0

0.35			0.05			4.0393e+14
0.35			0.1			3.83597e+14
0.35			0.15			3.58298e+14
0.35			0.2			3.35481e+14
0.35			0.25			3.19204e+14
0.35			0.3			3.09738e+14
0.35			0.35			3.05218e+14
0.35			0.4			3.0349e+14
0.35			0.45			3.03051e+14
0.35			0.5			3.03165e+14
0.35			0.55			3.03628e+14
0.35			0.6			3.04431e+14
0.35			0.65			3.05134e+14
0.35			0.7			3.03547e+14
0.35			0.75			2.93857e+14
0.35			0.8			2.65873e+14
0.35			0.85			2.08217e+14
0.35			0.9			1.16315e+14
0.35			0.95			2.39401e+11
0.35			1			0

0.4			0.05			4.02038e+14
0.4			0.1			3.81651e+14
0.4			0.15			3.56287e+14
0.4			0.2			3.33416e+14
0.4			0.25			3.17105e+14
0.4			0.3			3.0762e+14
0.4			0.35			3.03092e+14
0.4			0.4			3.01361e+14
0.4			0.45			3.0092e+14
0.4			0.5			3.01033e+14
0.4			0.55			3.01495e+14
0.4			0.6			3.023e+14
0.4			0.65			3.03014e+14
0.4			0.7			3.01461e+14
0.4			0.75			2.9186e+14
0.4			0.8			2.64073e+14
0.4			0.85			2.06793e+14
0.4			0.9			1.15498e+14
0.4			0.95			2.24282e+11
0.4			1			0

0.45			0.05			4.01235e+14
0.45			0.1			3.80835e+14
0.45			0.15			3.55459e+14
0.45			0.2			3.32578e+14
0.45			0.25			3.16262e+14
0.45			0.3			3.06775e+14
0.45			0.35			3.02247e+14
0.45			0.4			3.00516e+14
0.45			0.45			3.00075e+14
0.45			0.5			3.00187e+14
0.45			0.55			3.00649e+14
0.45			0.6			3.01454e+14
0.45			0.65			3.0217e+14
0.45			0.7			3.00628e+14
0.45			0.75			2.91058e+14
0.45			0.8			2.63348e+14
0.45			0.85			2.06218e+14
0.45			0.9			1.15169e+14
0.45			0.95			2.19489e+11
0.45			1			0

0.5			0.05			4.00862e+14
0.5			0.1			3.80469e+14
0.5			0.15			3.55102e+14
0.5			0.2			3.3223e+14
0.5			0.25			3.1592e+14
0.5			0.3			3.06438e+14
0.5			0.35			3.01913e+14
0.5			0.4			3.00182e+14
0.5			0.45			2.99741e+14
0.5			0.5			2.99853e+14
0.5			0.55			3.00315e+14
0.5			0.6			3.01119e+14
0.5			0.65			3.01835e+14
0.5			0.7			3.00293e+14
0.5			0.75			2.90732e+14
0.5			0.8			2.63046e+14
0.5			0.85			2.05975e+14
0.5			0.9			1.15028e+14
0.5			0.95			2.1793e+11
0.5			1			0

0.55			0.05			4.00732e+14
0.55			0.1			3.80358e+14
0.55			0.15			3.55013e+14
0.55			0.2			3.3216e+14
0.55			0.25			3.15864e+14
0.55			0.3			3.0639e+14
0.55			0.35			3.01867e+14
0.55			0.4			3.00138e+14
0.55			0.45			2.99698e+14
0.55			0.5			2.9981e+14
0.55			0.55			3.00271e+14
0.55			0.6			3.01073e+14
0.55			0.65			3.01785e+14
0.55			0.7			3.00234e+14
0.55			0.75			2.90657e+14
0.55			0.8			2.62958e+14
0.55			0.85			2.05888e+14
0.55			0.9			1.14972e+14
0.55			0.95			2.17781e+11
0.55			1			0

0.6			0.05			4.01028e+14
0.6			0.1			3.80691e+14
0.6			0.15			3.5539e+14
0.6			0.2			3.32576e+14
0.6			0.25			3.16305e+14
0.6			0.3			3.06844e+14
0.6			0.35			3.02328e+14
0.6			0.4			3.006e+14
0.6			0.45			3.00161e+14
0.6			0.5			3.00273e+14
0.6			0.55			3.00733e+14
0.6			0.6			3.0153e+14
0.6			0.65			3.02226e+14
0.6			0.7			3.00638e+14
0.6			0.75			2.90994e+14
0.6			0.8			2.63201e+14
0.6			0.85			2.06033e+14
0.6			0.9			1.15037e+14
0.6			0.95			2.20572e+11
0.6			1			0

0.65			0.05			4.02401e+14
0.65			0.1			3.82143e+14
0.65			0.15			3.56938e+14
0.65			0.2			3.34205e+14
0.65			0.25			3.17989e+14
0.65			0.3			3.08557e+14
0.65			0.35			3.04055e+14
0.65			0.4			3.02333e+14
0.65			0.45			3.01895e+14
0.65			0.5			3.02008e+14
0.65			0.55			3.02464e+14
0.65			0.6			3.03245e+14
0.65			0.65			3.03891e+14
0.65			0.7			3.02192e+14
0.65			0.75			2.92349e+14
0.65			0.8			2.64268e+14
0.65			0.85			2.0676e+14
0.65			0.9			1.15413e+14
0.65			0.95			2.34883e+11
0.65			1			0

0.7			0.05			4.06148e+14
0.7			0.1			3.86053e+14
0.7			0.15			3.61047e+14
0.7			0.2			3.38489e+14
0.7			0.25			3.22393e+14
0.7			0.3			3.13029e+14
0.7			0.35			3.08558e+14
0.7			0.4			3.0685e+14
0.7			0.45			3.06418e+14
0.7			0.5			3.0653e+14
0.7			0.55			3.06974e+14
0.7			0.6			3.0771e+14
0.7			0.65			3.08231e+14
0.7			0.7			3.0626e+14
0.7			0.75			2.95939e+14
0.7			0.8			2.67167e+14
0.7			0.85			2.08816e+14
0.7			0.9			1.16529e+14
0.7			0.95			2.92339e+11
0.7			1			0

0.75			0.05			4.14128e+14
0.75			0.1			3.94335e+14
0.75			0.15			3.69702e+14
0.75			0.2			3.47479e+14
0.75			0.25			3.3162e+14
0.75			0.3			3.22394e+14
0.75			0.35			3.1799e+14
0.75			0.4			3.16311e+14
0.75			0.45			3.1589e+14
0.75			0.5			3.16001e+14
0.75			0.55			3.16416e+14
0.75			0.6			3.17049e+14
0.75			0.65			3.17304e+14
0.75			0.7			3.14776e+14
0.75			0.75			3.03499e+14
0.75			0.8			2.73366e+14
0.75			0.85			2.13338e+14
0.75			0.9			1.19099e+14
0.75			0.95			5.0348e+11
0.75			1			0

0.8			0.05			4.27964e+14
0.8			0.1			4.08651e+14
0.8			0.15			3.8462e+14
0.8			0.2			3.62943e+14
0.8			0.25			3.47479e+14
0.8			0.3			3.38489e+14
0.8			0.35			3.34206e+14
0.8			0.4			3.32581e+14
0.8			0.45			3.32181e+14
0.8			0.5			3.32287e+14
0.8			0.55			3.32644e+14
0.8			0.6			3.33088e+14
0.8			0.65			3.32874e+14
0.8			0.7			3.29398e+14
0.8			0.75			3.16539e+14
0.8			0.8			2.84196e+14
0.8			0.85			2.21474e+14
0.8			0.9			1.24047e+14
0.8			0.95			1.25109e+12
0.8			1			0

0.85			0.05			4.47456e+14
0.85			0.1			4.28781e+14
0.85			0.15			4.05554e+14
0.85			0.2			3.8462e+14
0.85			0.25			3.69702e+14
0.85			0.3			3.61047e+14
0.85			0.35			3.56938e+14
0.85			0.4			3.55394e+14
0.85			0.45			3.55024e+14
0.85			0.5			3.5512e+14
0.85			0.55			3.55387e+14
0.85			0.6			3.5555e+14
0.85			0.65			3.54663e+14
0.85			0.7			3.49866e+14
0.85			0.75			3.3486e+14
0.85			0.8			2.99611e+14
0.85			0.85			2.33517e+14
0.85			0.9			1.32268e+14
0.85			0.95			3.86435e+12
0.85			1			0

0.9			0.05			4.69136e+14
0.9			0.1			4.51143e+14
0.9			0.15			4.28781e+14
0.9			0.2			4.08651e+14
0.9			0.25			3.94335e+14
0.9			0.3			3.86053e+14
0.9			0.35			3.82143e+14
0.9			0.4			3.80692e+14
0.9			0.45			3.80356e+14
0.9			0.5			3.80438e+14
0.9			0.55			3.80597e+14
0.9			0.6			3.80434e+14
0.9			0.65			3.78784e+14
0.9			0.7			3.72521e+14
0.9			0.75			3.55191e+14
0.9			0.8			3.16941e+14
0.9			0.85			2.47787e+14
0.9			0.9			1.44181e+14
0.9			0.95			1.29868e+13
0.9			1			0

0.95			0.05			4.86594e+14
0.95			0.1			4.69136e+14
0.95			0.15			4.47456e+14
0.95			0.2			4.27964e+14
0.95			0.25			4.14128e+14
0.95			0.3			4.06148e+14
0.95			0.35			4.02401e+14
0.95			0.4			4.01026e+14
0.95			0.45			4.0072e+14
0.95			0.5			4.00787e+14
0.95			0.55			4.00854e+14
0.95			0.6			4.0042e+14
0.95			0.65			3.98143e+14
0.95			0.7			3.90687e+14
0.95			0.75			3.71482e+14
0.95			0.8			3.30862e+14
0.95			0.85			2.59692e+14
0.95			0.9			1.57412e+14
0.95			0.95			4.4941e+13
0.95			1			0

1			0.05			4.93334e+14
1			0.1			4.7608e+14
1			0.15			4.5466e+14
1			0.2			4.35412e+14
1			0.25			4.21761e+14
1			0.3			4.13898e+14
1			0.35			4.10215e+14
1			0.4			4.0887e+14
1			0.45			4.08574e+14
1			0.5			4.08636e+14
1			0.55			4.08666e+14
1			0.6			4.08125e+14
1			0.65			4.056e+14
1			0.7			3.97666e+14
1			0.75			3.77662e+14
1			0.8			3.3577e+14
1			0.85			2.62048e+14
1			0.9			1.51309e+14
1			0.95			0
1			1			40.9744

