0.05			0.05			6.20496e+20
0.05			0.1			6.05579e+20
0.05			0.15			5.85388e+20
0.05			0.2			5.64715e+20
0.05			0.25			5.47229e+20
0.05			0.3			5.34616e+20
0.05			0.35			5.26769e+20
0.05			0.4			5.22589e+20
0.05			0.45			5.20764e+20
0.05			0.5			5.20166e+20
0.05			0.55			5.19741e+20
0.05			0.6			5.17919e+20
0.05			0.65			5.11647e+20
0.05			0.7			4.95421e+20
0.05			0.75			4.61104e+20
0.05			0.8			3.99554e+20
0.05			0.85			3.04356e+20
0.05			0.9			1.75893e+20
0.05			0.95			2.0106e+19
0.05			1			0

0.1			0.05			6.05293e+20
0.1			0.1			5.90095e+20
0.1			0.15			5.69517e+20
0.1			0.2			5.48438e+20
0.1			0.25			5.30598e+20
0.1			0.3			5.17716e+20
0.1			0.35			5.0969e+20
0.1			0.4			5.05403e+20
0.1			0.45			5.03524e+20
0.1			0.5			5.0291e+20
0.1			0.55			5.02506e+20
0.1			0.6			5.00758e+20
0.1			0.65			4.9465e+20
0.1			0.7			4.78729e+20
0.1			0.75			4.44906e+20
0.1			0.8			3.83992e+20
0.1			0.85			2.89258e+20
0.1			0.9			1.60533e+20
0.1			0.95			5.7863e+18
0.1			1			0

0.15			0.05			5.84665e+20
0.15			0.1			5.69081e+20
0.15			0.15			5.47975e+20
0.15			0.2			5.26343e+20
0.15			0.25			5.0802e+20
0.15			0.3			4.94775e+20
0.15			0.35			4.86508e+20
0.15			0.4			4.82078e+20
0.15			0.45			4.80127e+20
0.15			0.5			4.79494e+20
0.15			0.55			4.79125e+20
0.15			0.6			4.77495e+20
0.15			0.65			4.71654e+20
0.15			0.7			4.56272e+20
0.15			0.75			4.23445e+20
0.15			0.8			3.64238e+20
0.15			0.85			2.72273e+20
0.15			0.9			1.48081e+20
0.15			0.95			1.68528e+18
0.15			1			0

0.2			0.05			5.63448e+20
0.2			0.1			5.47464e+20
0.2			0.15			5.25809e+20
0.2			0.2			5.03605e+20
0.2			0.25			4.84786e+20
0.2			0.3			4.71168e+20
0.2			0.35			4.62655e+20
0.2			0.4			4.58082e+20
0.2			0.45			4.5606e+20
0.2			0.5			4.5541e+20
0.2			0.55			4.55082e+20
0.2			0.6			4.5359e+20
0.2			0.65			4.48071e+20
0.2			0.7			4.33353e+20
0.2			0.75			4.01797e+20
0.2			0.8			3.44852e+20
0.2			0.85			2.56644e+20
0.2			0.9			1.38317e+20
0.2			0.95			5.00637e+17
0.2			1			0

0.25			0.05			5.45357e+20
0.25			0.1			5.29026e+20
0.25			0.15			5.06899e+20
0.25			0.2			4.84205e+20
0.25			0.25			4.64963e+20
0.25			0.3			4.51031e+20
0.25			0.35			4.42312e+20
0.25			0.4			4.3762e+20
0.25			0.45			4.35539e+20
0.25			0.5			4.34877e+20
0.25			0.55			4.3459e+20
0.25			0.6			4.33227e+20
0.25			0.65			4.28012e+20
0.25			0.7			4.13933e+20
0.25			0.75			3.83605e+20
0.25			0.8			3.28839e+20
0.25			0.85			2.44176e+20
0.25			0.9			1.31087e+20
0.25			0.95			1.54777e+17
0.25			1			0

0.3			0.05			5.32104e+20
0.3			0.1			5.15518e+20
0.3			0.15			4.93042e+20
0.3			0.2			4.6999e+20
0.3			0.25			4.50441e+20
0.3			0.3			4.36283e+20
0.3			0.35			4.27418e+20
0.3			0.4			4.22642e+20
0.3			0.45			4.20521e+20
0.3			0.5			4.19851e+20
0.3			0.55			4.19595e+20
0.3			0.6			4.18333e+20
0.3			0.65			4.13356e+20
0.3			0.7			3.99781e+20
0.3			0.75			3.70421e+20
0.3			0.8			3.17357e+20
0.3			0.85			2.35405e+20
0.3			0.9			1.26178e+20
0.3			0.95			5.2494e+16
0.3			1			0

0.35			0.05			5.23602e+20
0.35			0.1			5.06852e+20
0.35			0.15			4.84156e+20
0.35			0.2			4.60876e+20
0.35			0.25			4.41136e+20
0.35			0.3			4.26838e+20
0.35			0.35			4.17884e+20
0.35			0.4			4.13058e+20
0.35			0.45			4.10912e+20
0.35			0.5			4.10238e+20
0.35			0.55			4.10003e+20
0.35			0.6			4.08806e+20
0.35			0.65			4.03988e+20
0.35			0.7			3.90748e+20
0.35			0.75			3.62035e+20
0.35			0.8			3.101e+20
0.35			0.85			2.29921e+20
0.35			0.9			1.23162e+20
0.35			0.95			2.17925e+16
0.35			1			0

0.4			0.05			5.18765e+20
0.4			0.1			5.01926e+20
0.4			0.15			4.79109e+20
0.4			0.2			4.55708e+20
0.4			0.25			4.35866e+20
0.4			0.3			4.21494e+20
0.4			0.35			4.12495e+20
0.4			0.4			4.07643e+20
0.4			0.45			4.05486e+20
0.4			0.5			4.0481e+20
0.4			0.55			4.04585e+20
0.4			0.6			4.03425e+20
0.4			0.65			3.98695e+20
0.4			0.7			3.85646e+20
0.4			0.75			3.57305e+20
0.4			0.8			3.06021e+20
0.4			0.85			2.26855e+20
0.4			0.9			1.21491e+20
0.4			0.95			1.24449e+16
0.4			1			0

0.45			0.05			5.16335e+20
0.45			0.1			4.99458e+20
0.45			0.15			4.76591e+20
0.45			0.2			4.53139e+20
0.45			0.25			4.33255e+20
0.45			0.3			4.18855e+20
0.45			0.35			4.09837e+20
0.45			0.4			4.04976e+20
0.45			0.45			4.02814e+20
0.45			0.5			4.02137e+20
0.45			0.55			4.01916e+20
0.45			0.6			4.00771e+20
0.45			0.65			3.96081e+20
0.45			0.7			3.83121e+20
0.45			0.75			3.5496e+20
0.45			0.8			3.03995e+20
0.45			0.85			2.25335e+20
0.45			0.9			1.20664e+20
0.45			0.95			9.63339e+15
0.45			1			0

0.5			0.05			5.15413e+20
0.5			0.1			4.98532e+20
0.5			0.15			4.7566e+20
0.5			0.2			4.52204e+20
0.5			0.25			4.32317e+20
0.5			0.3			4.17915e+20
0.5			0.35			4.08896e+20
0.5			0.4			4.04035e+20
0.5			0.45			4.01872e+20
0.5			0.5			4.01194e+20
0.5			0.55			4.00972e+20
0.5			0.6			3.99826e+20
0.5			0.65			3.95139e+20
0.5			0.7			3.82196e+20
0.5			0.75			3.54082e+20
0.5			0.8			3.03223e+20
0.5			0.85			2.24745e+20
0.5			0.9			1.20341e+20
0.5			0.95			9.08392e+15
0.5			1			0

0.55			0.05			5.15678e+20
0.55			0.1			4.98821e+20
0.55			0.15			4.75982e+20
0.55			0.2			4.5256e+20
0.55			0.25			4.327e+20
0.55			0.3			4.18318e+20
0.55			0.35			4.09311e+20
0.55			0.4			4.04455e+20
0.55			0.45			4.02295e+20
0.55			0.5			4.01614e+20
0.55			0.55			4.01383e+20
0.55			0.6			4.00217e+20
0.55			0.65			3.95493e+20
0.55			0.7			3.82494e+20
0.55			0.75			3.5431e+20
0.55			0.8			3.03374e+20
0.55			0.85			2.24832e+20
0.55			0.9			1.2038e+20
0.55			0.95			1.01344e+16
0.55			1			0

0.6			0.05			5.17441e+20
0.6			0.1			5.00643e+20
0.6			0.15			4.77882e+20
0.6			0.2			4.54538e+20
0.6			0.25			4.34744e+20
0.6			0.3			4.20408e+20
0.6			0.35			4.1143e+20
0.6			0.4			4.06589e+20
0.6			0.45			4.04433e+20
0.6			0.5			4.03746e+20
0.6			0.55			4.03491e+20
0.6			0.6			4.02271e+20
0.6			0.65			3.97447e+20
0.6			0.7			3.84283e+20
0.6			0.75			3.55859e+20
0.6			0.8			3.04615e+20
0.6			0.85			2.25705e+20
0.6			0.9			1.20837e+20
0.6			0.95			1.48399e+16
0.6			1			0

0.65			0.05			5.21592e+20
0.65			0.1			5.04902e+20
0.65			0.15			4.82287e+20
0.65			0.2			4.59092e+20
0.65			0.25			4.39423e+20
0.65			0.3			4.25177e+20
0.65			0.35			4.16254e+20
0.65			0.4			4.11442e+20
0.65			0.45			4.09294e+20
0.65			0.5			4.08592e+20
0.65			0.55			4.08287e+20
0.65			0.6			4.06954e+20
0.65			0.65			4.01917e+20
0.65			0.7			3.88404e+20
0.65			0.75			3.59472e+20
0.65			0.8			3.07554e+20
0.65			0.85			2.27811e+20
0.65			0.9			1.2196e+20
0.65			0.95			3.17582e+16
0.65			1			0

0.7			0.05			5.29377e+20
0.7			0.1			5.12869e+20
0.7			0.15			4.905e+20
0.7			0.2			4.67557e+20
0.7			0.25			4.48101e+20
0.7			0.3			4.3401e+20
0.7			0.35			4.25185e+20
0.7			0.4			4.20424e+20
0.7			0.45			4.18289e+20
0.7			0.5			4.17558e+20
0.7			0.55			4.17158e+20
0.7			0.6			4.15617e+20
0.7			0.65			4.10195e+20
0.7			0.7			3.96058e+20
0.7			0.75			3.66217e+20
0.7			0.8			3.13091e+20
0.7			0.85			2.31834e+20
0.7			0.9			1.24151e+20
0.7			0.95			9.13781e+16
0.7			1			0

0.75			0.05			5.41883e+20
0.75			0.1			5.25647e+20
0.75			0.15			5.03648e+20
0.75			0.2			4.81086e+20
0.75			0.25			4.61956e+20
0.75			0.3			4.48104e+20
0.75			0.35			4.39431e+20
0.75			0.4			4.34751e+20
0.75			0.45			4.32636e+20
0.75			0.5			4.31856e+20
0.75			0.55			4.313e+20
0.75			0.6			4.29425e+20
0.75			0.65			4.23397e+20
0.75			0.7			4.08286e+20
0.75			0.75			3.77046e+20
0.75			0.8			3.22068e+20
0.75			0.85			2.38481e+20
0.75			0.9			1.27906e+20
0.75			0.95			3.01396e+17
0.75			1			0

0.8			0.05			5.59216e+20
0.8			0.1			5.4334e+20
0.8			0.15			5.21831e+20
0.8			0.2			4.99778e+20
0.8			0.25			4.81086e+20
0.8			0.3			4.67559e+20
0.8			0.35			4.59096e+20
0.8			0.4			4.54527e+20
0.8			0.45			4.52438e+20
0.8			0.5			4.51588e+20
0.8			0.55			4.50812e+20
0.8			0.6			4.48472e+20
0.8			0.65			4.41613e+20
0.8			0.7			4.25192e+20
0.8			0.75			3.92094e+20
0.8			0.8			3.34703e+20
0.8			0.85			2.48113e+20
0.8			0.9			1.33734e+20
0.8			0.95			1.04349e+18
0.8			1			0

0.85			0.05			5.7971e+20
0.85			0.1			5.64244e+20
0.85			0.15			5.43299e+20
0.85			0.2			5.21831e+20
0.85			0.25			5.03648e+20
0.85			0.3			4.90501e+20
0.85			0.35			4.82284e+20
0.85			0.4			4.77846e+20
0.85			0.45			4.75786e+20
0.85			0.5			4.74849e+20
0.85			0.55			4.73809e+20
0.85			0.6			4.70919e+20
0.85			0.65			4.63088e+20
0.85			0.7			4.45159e+20
0.85			0.75			4.09976e+20
0.85			0.8			3.49977e+20
0.85			0.85			2.60316e+20
0.85			0.9			1.42165e+20
0.85			0.95			3.67568e+18
0.85			1			0

0.9			0.05			5.99724e+20
0.9			0.1			5.84652e+20
0.9			0.15			5.64244e+20
0.9			0.2			5.4334e+20
0.9			0.25			5.25647e+20
0.9			0.3			5.12867e+20
0.9			0.35			5.0489e+20
0.9			0.4			5.0058e+20
0.9			0.45			4.9855e+20
0.9			0.5			4.97525e+20
0.9			0.55			4.96223e+20
0.9			0.6			4.92794e+20
0.9			0.65			4.84021e+20
0.9			0.7			4.64652e+20
0.9			0.75			4.27537e+20
0.9			0.8			3.65284e+20
0.9			0.85			2.73433e+20
0.9			0.9			1.53671e+20
0.9			0.95			1.3047e+19
0.9			1			0

0.95			0.05			6.14511e+20
0.95			0.1			5.99724e+20
0.95			0.15			5.7971e+20
0.95			0.2			5.59216e+20
0.95			0.25			5.41882e+20
0.95			0.3			5.29374e+20
0.95			0.35			5.21574e+20
0.95			0.4			5.17359e+20
0.95			0.45			5.15348e+20
0.95			0.5			5.14258e+20
0.95			0.55			5.12759e+20
0.95			0.6			5.0893e+20
0.95			0.65			4.99462e+20
0.95			0.7			4.79037e+20
0.95			0.75			4.40523e+20
0.95			0.8			3.76716e+20
0.95			0.85			2.83841e+20
0.95			0.9			1.66482e+20
0.95			0.95			4.65253e+19
0.95			1			0

1			0.05			6.19979e+20
1			0.1			6.05298e+20
1			0.15			5.85427e+20
1			0.2			5.65085e+20
1			0.25			5.47884e+20
1			0.3			5.35475e+20
1			0.35			5.2774e+20
1			0.4			5.23561e+20
1			0.45			5.21558e+20
1			0.5			5.20442e+20
1			0.55			5.18871e+20
1			0.6			5.14892e+20
1			0.65			5.05164e+20
1			0.7			4.84336e+20
1			0.75			4.45238e+20
1			0.8			3.80516e+20
1			0.85			2.85505e+20
1			0.9			1.59922e+20
1			0.95			0
1			1			56.9644

