0.05			0.05			64684.6
0.05			0.1			57678.6
0.05			0.15			53012
0.05			0.2			51387.5
0.05			0.25			51093.7
0.05			0.3			51091.7
0.05			0.35			51121.6
0.05			0.4			51153.6
0.05			0.45			51185.5
0.05			0.5			51217.5
0.05			0.55			51249.6
0.05			0.6			51281.6
0.05			0.65			51315.7
0.05			0.7			51380.1
0.05			0.75			51695
0.05			0.8			52884.2
0.05			0.85			54314
0.05			0.9			48052.4
0.05			0.95			17388.2
0.05			1			0

0.1			0.05			57623.4
0.1			0.1			49813.9
0.1			0.15			44505.4
0.1			0.2			42586.7
0.1			0.25			42209.6
0.1			0.3			42190.1
0.1			0.35			42214.4
0.1			0.4			42240.8
0.1			0.45			42267.2
0.1			0.5			42293.7
0.1			0.55			42320.1
0.1			0.6			42346.6
0.1			0.65			42375.1
0.1			0.7			42446
0.1			0.75			42827.9
0.1			0.8			44237.3
0.1			0.85			46008.6
0.1			0.9			39931
0.1			0.95			10605.1
0.1			1			0

0.15			0.05			52891.9
0.15			0.1			44445.1
0.15			0.15			38676.9
0.15			0.2			36585.8
0.15			0.25			36175.3
0.15			0.3			36152
0.15			0.35			36172.6
0.15			0.4			36195.2
0.15			0.45			36217.8
0.15			0.5			36240.5
0.15			0.55			36263.1
0.15			0.6			36285.8
0.15			0.65			36310.5
0.15			0.7			36377.6
0.15			0.75			36785.8
0.15			0.8			38362.3
0.15			0.85			40609.8
0.15			0.9			35506.2
0.15			0.95			8593.85
0.15			1			0

0.2			0.05			51202.6
0.2			0.1			42470.3
0.2			0.15			36534.6
0.2			0.2			34403.5
0.2			0.25			33991.9
0.2			0.3			33967.3
0.2			0.35			33986.5
0.2			0.4			34007.8
0.2			0.45			34029
0.2			0.5			34050.3
0.2			0.55			34071.6
0.2			0.6			34092.9
0.2			0.65			34116.2
0.2			0.7			34181.9
0.2			0.75			34588.5
0.2			0.8			36203.1
0.2			0.85			38639.8
0.2			0.9			34006.9
0.2			0.95			8105.93
0.2			1			0

0.25			0.05			50844.9
0.25			0.1			42039.9
0.25			0.15			36077.7
0.25			0.2			33947.7
0.25			0.25			33536.1
0.25			0.3			33511.2
0.25			0.35			33530.1
0.25			0.4			33551.1
0.25			0.45			33572.1
0.25			0.5			33593
0.25			0.55			33614
0.25			0.6			33635.1
0.25			0.65			33658.1
0.25			0.7			33723.5
0.25			0.75			34129.5
0.25			0.8			35742.8
0.25			0.85			38208.1
0.25			0.9			33686.9
0.25			0.95			8022.12
0.25			1			0

0.3			0.05			50779.2
0.3			0.1			41967.7
0.3			0.15			36009.1
0.3			0.2			33880.4
0.3			0.25			33469
0.3			0.3			33444.1
0.3			0.35			33463
0.3			0.4			33484
0.3			0.45			33504.9
0.3			0.5			33525.8
0.3			0.55			33546.8
0.3			0.6			33567.8
0.3			0.65			33590.8
0.3			0.7			33656.1
0.3			0.75			34061.8
0.3			0.8			35674.1
0.3			0.85			38137.8
0.3			0.9			33631.6
0.3			0.95			8011.05
0.3			1			0

0.35			0.05			50745.5
0.35			0.1			41939.5
0.35			0.15			35984.6
0.35			0.2			33857.3
0.35			0.25			33446.1
0.35			0.3			33421.2
0.35			0.35			33440.1
0.35			0.4			33461
0.35			0.45			33481.9
0.35			0.5			33502.9
0.35			0.55			33523.8
0.35			0.6			33544.8
0.35			0.65			33567.8
0.35			0.7			33633
0.35			0.75			34038.5
0.35			0.8			35649.8
0.35			0.85			38112
0.35			0.9			33608.5
0.35			0.95			8006.04
0.35			1			0

0.4			0.05			50713.8
0.4			0.1			41913.3
0.4			0.15			35962.1
0.4			0.2			33836.1
0.4			0.25			33425.2
0.4			0.3			33400.3
0.4			0.35			33419.2
0.4			0.4			33440.1
0.4			0.45			33461
0.4			0.5			33481.9
0.4			0.55			33502.9
0.4			0.6			33523.8
0.4			0.65			33546.8
0.4			0.7			33612
0.4			0.75			34017.3
0.4			0.8			35627.5
0.4			0.85			38088.1
0.4			0.9			33587.5
0.4			0.95			8001.04
0.4			1			0

0.45			0.05			50682.1
0.45			0.1			41887.1
0.45			0.15			35939.7
0.45			0.2			33815
0.45			0.25			33404.3
0.45			0.3			33379.5
0.45			0.35			33398.3
0.45			0.4			33419.2
0.45			0.45			33440.1
0.45			0.5			33461
0.45			0.55			33481.9
0.45			0.6			33502.9
0.45			0.65			33525.8
0.45			0.7			33591
0.45			0.75			33996
0.45			0.8			35605.3
0.45			0.85			38064.3
0.45			0.9			33566.6
0.45			0.95			7996.04
0.45			1			0

0.5			0.05			50650.4
0.5			0.1			41860.9
0.5			0.15			35917.2
0.5			0.2			33793.8
0.5			0.25			33383.5
0.5			0.3			33358.6
0.5			0.35			33377.5
0.5			0.4			33398.3
0.5			0.45			33419.2
0.5			0.5			33440.1
0.5			0.55			33461
0.5			0.6			33481.9
0.5			0.65			33504.9
0.5			0.7			33570
0.5			0.75			33974.8
0.5			0.8			35583
0.5			0.85			38040.6
0.5			0.9			33545.6
0.5			0.95			7991.04
0.5			1			0

0.55			0.05			50618.8
0.55			0.1			41834.7
0.55			0.15			35894.8
0.55			0.2			33772.7
0.55			0.25			33362.6
0.55			0.3			33337.8
0.55			0.35			33356.6
0.55			0.4			33377.5
0.55			0.45			33398.3
0.55			0.5			33419.2
0.55			0.55			33440.1
0.55			0.6			33461
0.55			0.65			33484
0.55			0.7			33549.1
0.55			0.75			33953.6
0.55			0.8			35560.8
0.55			0.85			38016.8
0.55			0.9			33524.6
0.55			0.95			7986.05
0.55			1			0

0.6			0.05			50587.1
0.6			0.1			41808.6
0.6			0.15			35872.3
0.6			0.2			33751.6
0.6			0.25			33341.8
0.6			0.3			33316.9
0.6			0.35			33335.8
0.6			0.4			33356.6
0.6			0.45			33377.5
0.6			0.5			33398.3
0.6			0.55			33419.2
0.6			0.6			33440.1
0.6			0.65			33463
0.6			0.7			33528.1
0.6			0.75			33932.3
0.6			0.8			35538.6
0.6			0.85			37993
0.6			0.9			33503.7
0.6			0.95			7981.06
0.6			1			0

0.65			0.05			50555.5
0.65			0.1			41782.5
0.65			0.15			35849.9
0.65			0.2			33730.5
0.65			0.25			33320.9
0.65			0.3			33296.1
0.65			0.35			33315
0.65			0.4			33335.8
0.65			0.45			33356.6
0.65			0.5			33377.5
0.65			0.55			33398.3
0.65			0.6			33419.2
0.65			0.65			33442.1
0.65			0.7			33507.2
0.65			0.75			33911.1
0.65			0.8			35516.4
0.65			0.85			37969.3
0.65			0.9			33482.7
0.65			0.95			7974.08
0.65			1			0

0.7			0.05			50525.9
0.7			0.1			41758.3
0.7			0.15			35829.5
0.7			0.2			33711.4
0.7			0.25			33302.1
0.7			0.3			33277.3
0.7			0.35			33296.1
0.7			0.4			33316.9
0.7			0.45			33337.8
0.7			0.5			33358.6
0.7			0.55			33379.5
0.7			0.6			33400.3
0.7			0.65			33423.2
0.7			0.7			33488.2
0.7			0.75			33891.9
0.7			0.8			35496.2
0.7			0.85			37947.6
0.7			0.9			33451.8
0.7			0.95			7945.12
0.7			1			0

0.75			0.05			50528
0.75			0.1			41777.7
0.75			0.15			35852.6
0.75			0.2			33735.9
0.75			0.25			33326.8
0.75			0.3			33302.1
0.75			0.35			33320.9
0.75			0.4			33341.8
0.75			0.45			33362.6
0.75			0.5			33383.5
0.75			0.55			33404.3
0.75			0.6			33425.2
0.75			0.65			33448.1
0.75			0.7			33513.1
0.75			0.75			33916.6
0.75			0.8			35519.9
0.75			0.85			37939.8
0.75			0.9			33344
0.75			0.95			7822.26
0.75			1			0

0.8			0.05			50818.6
0.8			0.1			42151.1
0.8			0.15			36259.6
0.8			0.2			34144.4
0.8			0.25			33735.9
0.8			0.3			33711.4
0.8			0.35			33730.5
0.8			0.4			33751.6
0.8			0.45			33772.7
0.8			0.5			33793.8
0.8			0.55			33815
0.8			0.6			33836.1
0.8			0.65			33859.3
0.8			0.7			33924.5
0.8			0.75			34328
0.8			0.8			35890.6
0.8			0.85			38074.5
0.8			0.9			33053.2
0.8			0.95			7514.63
0.8			1			0

0.85			0.05			52426.3
0.85			0.1			44051.4
0.85			0.15			38332.6
0.85			0.2			36259.6
0.85			0.25			35852.6
0.85			0.3			35829.5
0.85			0.35			35849.9
0.85			0.4			35872.3
0.85			0.45			35894.8
0.85			0.5			35917.2
0.85			0.55			35939.7
0.85			0.6			35962.1
0.85			0.65			35986.6
0.85			0.7			36053.1
0.85			0.75			36427.8
0.85			0.8			37730.9
0.85			0.85			39052.6
0.85			0.9			32845.7
0.85			0.95			7174.11
0.85			1			0

0.9			0.05			57045.1
0.9			0.1			49309.3
0.9			0.15			44051.4
0.9			0.2			42151.1
0.9			0.25			41777.7
0.9			0.3			41758.3
0.9			0.35			41782.5
0.9			0.4			41808.6
0.9			0.45			41834.7
0.9			0.5			41860.9
0.9			0.55			41887.1
0.9			0.6			41913.3
0.9			0.65			41941.5
0.9			0.7			41999.7
0.9			0.75			42230
0.9			0.8			42788.7
0.9			0.85			42192.8
0.9			0.9			33715.4
0.9			0.95			7877.41
0.9			1			0

0.95			0.05			63980.2
0.95			0.1			57045.1
0.95			0.15			52426.3
0.95			0.2			50818.6
0.95			0.25			50528
0.95			0.3			50525.9
0.95			0.35			50555.5
0.95			0.4			50587.1
0.95			0.45			50618.8
0.95			0.5			50650.4
0.95			0.55			50682.1
0.95			0.6			50713.8
0.95			0.65			50745.5
0.95			0.7			50770.2
0.95			0.75			50717.1
0.95			0.8			50126.9
0.95			0.85			46914.1
0.95			0.9			35767.4
0.95			0.95			13403.4
0.95			1			0

1			0.05			67643.2
1			0.1			61092.2
1			0.15			56794.7
1			0.2			55346.2
1			0.25			55107.8
1			0.3			55118.5
1			0.35			55153
1			0.4			55187.4
1			0.45			55221.9
1			0.5			55256.5
1			0.55			55291
1			0.6			55325.6
1			0.65			55357.2
1			0.7			55351.8
1			0.75			55106.8
1			0.8			53784.9
1			0.85			48670.6
1			0.9			33464.7
1			0.95			0
1			1			14.9906

