0.05			0.05			6.98072e+07
0.05			0.1			6.49556e+07
0.05			0.15			6.03095e+07
0.05			0.2			5.7493e+07
0.05			0.25			5.63287e+07
0.05			0.3			5.60073e+07
0.05			0.35			5.59676e+07
0.05			0.4			5.59918e+07
0.05			0.45			5.60258e+07
0.05			0.5			5.60608e+07
0.05			0.55			5.60968e+07
0.05			0.6			5.61414e+07
0.05			0.65			5.62363e+07
0.05			0.7			5.65064e+07
0.05			0.75			5.70497e+07
0.05			0.8			5.70887e+07
0.05			0.85			5.31782e+07
0.05			0.9			3.87634e+07
0.05			0.95			8.51466e+06
0.05			1			0

0.1			0.05			6.49063e+07
0.1			0.1			5.97335e+07
0.1			0.15			5.47549e+07
0.1			0.2			5.17109e+07
0.1			0.25			5.04341e+07
0.1			0.3			5.00701e+07
0.1			0.35			5.00166e+07
0.1			0.4			5.00351e+07
0.1			0.45			5.00652e+07
0.1			0.5			5.00965e+07
0.1			0.55			5.0129e+07
0.1			0.6			5.01716e+07
0.1			0.65			5.02707e+07
0.1			0.7			5.05636e+07
0.1			0.75			5.11595e+07
0.1			0.8			5.12578e+07
0.1			0.85			4.73294e+07
0.1			0.9			3.28641e+07
0.1			0.95			3.80148e+06
0.1			1			0

0.15			0.05			6.01945e+07
0.15			0.1			5.46911e+07
0.15			0.15			4.93785e+07
0.15			0.2			4.61149e+07
0.15			0.25			4.47355e+07
0.15			0.3			4.43357e+07
0.15			0.35			4.42712e+07
0.15			0.4			4.42851e+07
0.15			0.45			4.43114e+07
0.15			0.5			4.43392e+07
0.15			0.55			4.43682e+07
0.15			0.6			4.44082e+07
0.15			0.65			4.45107e+07
0.15			0.7			4.48285e+07
0.15			0.75			4.55049e+07
0.15			0.8			4.57887e+07
0.15			0.85			4.22501e+07
0.15			0.9			2.87393e+07
0.15			0.95			2.24646e+06
0.15			1			0

0.2			0.05			5.73076e+07
0.2			0.1			5.1581e+07
0.2			0.15			4.60518e+07
0.2			0.2			4.26549e+07
0.2			0.25			4.12191e+07
0.2			0.3			4.0802e+07
0.2			0.35			4.07326e+07
0.2			0.4			4.07441e+07
0.2			0.45			4.07682e+07
0.2			0.5			4.07937e+07
0.2			0.55			4.08205e+07
0.2			0.6			4.08585e+07
0.2			0.65			4.09614e+07
0.2			0.7			4.12921e+07
0.2			0.75			4.2022e+07
0.2			0.8			4.2456e+07
0.2			0.85			3.92704e+07
0.2			0.9			2.65583e+07
0.2			0.95			1.7497e+06
0.2			1			0

0.25			0.05			5.60728e+07
0.25			0.1			5.02397e+07
0.25			0.15			4.46133e+07
0.25			0.2			4.11625e+07
0.25			0.25			3.97073e+07
0.25			0.3			3.92854e+07
0.25			0.35			3.92148e+07
0.25			0.4			3.92252e+07
0.25			0.45			3.92484e+07
0.25			0.5			3.92729e+07
0.25			0.55			3.92988e+07
0.25			0.6			3.93359e+07
0.25			0.65			3.94382e+07
0.25			0.7			3.9772e+07
0.25			0.75			4.05215e+07
0.25			0.8			4.10223e+07
0.25			0.85			3.80084e+07
0.25			0.9			2.56778e+07
0.25			0.95			1.60233e+06
0.25			1			0

0.3			0.05			5.56813e+07
0.3			0.1			4.98127e+07
0.3			0.15			4.41571e+07
0.3			0.2			4.06928e+07
0.3			0.25			3.92341e+07
0.3			0.3			3.88117e+07
0.3			0.35			3.87408e+07
0.3			0.4			3.8751e+07
0.3			0.45			3.87739e+07
0.3			0.5			3.87981e+07
0.3			0.55			3.88237e+07
0.3			0.6			3.88605e+07
0.3			0.65			3.89624e+07
0.3			0.7			3.92963e+07
0.3			0.75			4.00494e+07
0.3			0.8			4.05683e+07
0.3			0.85			3.76088e+07
0.3			0.9			2.54041e+07
0.3			0.95			1.5635e+06
0.3			1			0

0.35			0.05			5.55719e+07
0.35			0.1			4.96967e+07
0.35			0.15			4.40371e+07
0.35			0.2			4.05723e+07
0.35			0.25			3.9114e+07
0.35			0.3			3.86918e+07
0.35			0.35			3.86209e+07
0.35			0.4			3.8631e+07
0.35			0.45			3.86538e+07
0.35			0.5			3.8678e+07
0.35			0.55			3.87034e+07
0.35			0.6			3.87402e+07
0.35			0.65			3.8842e+07
0.35			0.7			3.91756e+07
0.35			0.75			3.99286e+07
0.35			0.8			4.04502e+07
0.35			0.85			3.75033e+07
0.35			0.9			2.5332e+07
0.35			0.95			1.55452e+06
0.35			1			0

0.4			0.05			5.55264e+07
0.4			0.1			4.96529e+07
0.4			0.15			4.39958e+07
0.4			0.2			4.05329e+07
0.4			0.25			3.90755e+07
0.4			0.3			3.86535e+07
0.4			0.35			3.85827e+07
0.4			0.4			3.85928e+07
0.4			0.45			3.86155e+07
0.4			0.5			3.86397e+07
0.4			0.55			3.86651e+07
0.4			0.6			3.87018e+07
0.4			0.65			3.88036e+07
0.4			0.7			3.91369e+07
0.4			0.75			3.98895e+07
0.4			0.8			4.04109e+07
0.4			0.85			3.74673e+07
0.4			0.9			2.53075e+07
0.4			0.95			1.55229e+06
0.4			1			0

0.45			0.05			5.54907e+07
0.45			0.1			4.96206e+07
0.45			0.15			4.3967e+07
0.45			0.2			4.05062e+07
0.45			0.25			3.90497e+07
0.45			0.3			3.8628e+07
0.45			0.35			3.85572e+07
0.45			0.4			3.85673e+07
0.45			0.45			3.85901e+07
0.45			0.5			3.86142e+07
0.45			0.55			3.86396e+07
0.45			0.6			3.86763e+07
0.45			0.65			3.8778e+07
0.45			0.7			3.91111e+07
0.45			0.75			3.98632e+07
0.45			0.8			4.03843e+07
0.45			0.85			3.74426e+07
0.45			0.9			2.52907e+07
0.45			0.95			1.5512e+06
0.45			1			0

0.5			0.05			5.54559e+07
0.5			0.1			4.95896e+07
0.5			0.15			4.39394e+07
0.5			0.2			4.04808e+07
0.5			0.25			3.90252e+07
0.5			0.3			3.86038e+07
0.5			0.35			3.8533e+07
0.5			0.4			3.85431e+07
0.5			0.45			3.85659e+07
0.5			0.5			3.859e+07
0.5			0.55			3.86154e+07
0.5			0.6			3.8652e+07
0.5			0.65			3.87537e+07
0.5			0.7			3.90866e+07
0.5			0.75			3.98382e+07
0.5			0.8			4.0359e+07
0.5			0.85			3.74191e+07
0.5			0.9			2.52749e+07
0.5			0.95			1.55018e+06
0.5			1			0

0.55			0.05			5.54213e+07
0.55			0.1			4.95586e+07
0.55			0.15			4.3912e+07
0.55			0.2			4.04556e+07
0.55			0.25			3.90009e+07
0.55			0.3			3.85798e+07
0.55			0.35			3.8509e+07
0.55			0.4			3.85191e+07
0.55			0.45			3.85418e+07
0.55			0.5			3.85659e+07
0.55			0.55			3.85913e+07
0.55			0.6			3.8628e+07
0.55			0.65			3.87295e+07
0.55			0.7			3.90623e+07
0.55			0.75			3.98134e+07
0.55			0.8			4.03339e+07
0.55			0.85			3.73957e+07
0.55			0.9			2.52588e+07
0.55			0.95			1.54885e+06
0.55			1			0

0.6			0.05			5.53877e+07
0.6			0.1			4.95289e+07
0.6			0.15			4.38859e+07
0.6			0.2			4.04316e+07
0.6			0.25			3.89779e+07
0.6			0.3			3.8557e+07
0.6			0.35			3.84863e+07
0.6			0.4			3.84964e+07
0.6			0.45			3.85191e+07
0.6			0.5			3.85432e+07
0.6			0.55			3.85686e+07
0.6			0.6			3.86052e+07
0.6			0.65			3.87067e+07
0.6			0.7			3.90392e+07
0.6			0.75			3.97899e+07
0.6			0.8			4.03098e+07
0.6			0.85			3.73722e+07
0.6			0.9			2.52407e+07
0.6			0.95			1.54598e+06
0.6			1			0

0.65			0.05			5.53638e+07
0.65			0.1			4.95106e+07
0.65			0.15			4.38722e+07
0.65			0.2			4.04203e+07
0.65			0.25			3.89675e+07
0.65			0.3			3.85469e+07
0.65			0.35			3.84762e+07
0.65			0.4			3.84863e+07
0.65			0.45			3.8509e+07
0.65			0.5			3.85331e+07
0.65			0.55			3.85585e+07
0.65			0.6			3.85951e+07
0.65			0.65			3.86965e+07
0.65			0.7			3.90288e+07
0.65			0.75			3.97786e+07
0.65			0.8			4.0295e+07
0.65			0.85			3.73499e+07
0.65			0.9			2.52153e+07
0.65			0.95			1.53838e+06
0.65			1			0

0.7			0.05			5.54031e+07
0.7			0.1			4.95636e+07
0.7			0.15			4.39362e+07
0.7			0.2			4.04891e+07
0.7			0.25			3.90377e+07
0.7			0.3			3.86174e+07
0.7			0.35			3.85469e+07
0.7			0.4			3.8557e+07
0.7			0.45			3.85798e+07
0.7			0.5			3.86039e+07
0.7			0.55			3.86293e+07
0.7			0.6			3.86659e+07
0.7			0.65			3.87674e+07
0.7			0.7			3.9099e+07
0.7			0.75			3.98434e+07
0.7			0.8			4.03384e+07
0.7			0.85			3.73503e+07
0.7			0.9			2.518e+07
0.7			0.95			1.52222e+06
0.7			1			0

0.75			0.05			5.57212e+07
0.75			0.1			4.99242e+07
0.75			0.15			4.43326e+07
0.75			0.2			4.09031e+07
0.75			0.25			3.94569e+07
0.75			0.3			3.90377e+07
0.75			0.35			3.89675e+07
0.75			0.4			3.89779e+07
0.75			0.45			3.90009e+07
0.75			0.5			3.90253e+07
0.75			0.55			3.9051e+07
0.75			0.6			3.90879e+07
0.75			0.65			3.91891e+07
0.75			0.7			3.95156e+07
0.75			0.75			4.02308e+07
0.75			0.8			4.06369e+07
0.75			0.85			3.74918e+07
0.75			0.9			2.51828e+07
0.75			0.95			1.50563e+06
0.75			1			0

0.8			0.05			5.68739e+07
0.8			0.1			5.11891e+07
0.8			0.15			4.57003e+07
0.8			0.2			4.23284e+07
0.8			0.25			4.09031e+07
0.8			0.3			4.04891e+07
0.8			0.35			4.04203e+07
0.8			0.4			4.04316e+07
0.8			0.45			4.04556e+07
0.8			0.5			4.04809e+07
0.8			0.55			4.05074e+07
0.8			0.6			4.0545e+07
0.8			0.65			4.06434e+07
0.8			0.7			4.09452e+07
0.8			0.75			4.15573e+07
0.8			0.8			4.16979e+07
0.8			0.85			3.81279e+07
0.8			0.9			2.54308e+07
0.8			0.95			1.55502e+06
0.8			1			0

0.85			0.05			5.96625e+07
0.85			0.1			5.42048e+07
0.85			0.15			4.89365e+07
0.85			0.2			4.57003e+07
0.85			0.25			4.43326e+07
0.85			0.3			4.39362e+07
0.85			0.35			4.38722e+07
0.85			0.4			4.38859e+07
0.85			0.45			4.3912e+07
0.85			0.5			4.39395e+07
0.85			0.55			4.39681e+07
0.85			0.6			4.40062e+07
0.85			0.65			4.40924e+07
0.85			0.7			4.43217e+07
0.85			0.75			4.46824e+07
0.85			0.8			4.4247e+07
0.85			0.85			3.98192e+07
0.85			0.9			2.63511e+07
0.85			0.95			1.94118e+06
0.85			1			0

0.9			0.05			6.4263e+07
0.9			0.1			5.91377e+07
0.9			0.15			5.42048e+07
0.9			0.2			5.11891e+07
0.9			0.25			4.99242e+07
0.9			0.3			4.95636e+07
0.9			0.35			4.95106e+07
0.9			0.4			4.95289e+07
0.9			0.45			4.95586e+07
0.9			0.5			4.95896e+07
0.9			0.55			4.96213e+07
0.9			0.6			4.96579e+07
0.9			0.65			4.97155e+07
0.9			0.7			4.98079e+07
0.9			0.75			4.97456e+07
0.9			0.8			4.84139e+07
0.9			0.85			4.27411e+07
0.9			0.9			2.83305e+07
0.9			0.95			3.60311e+06
0.9			1			0

0.95			0.05			6.90672e+07
0.95			0.1			6.4263e+07
0.95			0.15			5.96625e+07
0.95			0.2			5.68739e+07
0.95			0.25			5.57212e+07
0.95			0.3			5.54031e+07
0.95			0.35			5.53638e+07
0.95			0.4			5.53877e+07
0.95			0.45			5.54213e+07
0.95			0.5			5.54559e+07
0.95			0.55			5.54904e+07
0.95			0.6			5.55233e+07
0.95			0.65			5.55433e+07
0.95			0.7			5.54766e+07
0.95			0.75			5.49526e+07
0.95			0.8			5.26787e+07
0.95			0.85			4.57525e+07
0.95			0.9			3.0836e+07
0.95			0.95			9.68982e+06
0.95			1			0

1			0.05			7.11781e+07
1			0.1			6.65098e+07
1			0.15			6.20514e+07
1			0.2			5.93618e+07
1			0.25			5.82595e+07
1			0.3			5.7961e+07
1			0.35			5.79283e+07
1			0.4			5.79549e+07
1			0.45			5.79903e+07
1			0.5			5.80264e+07
1			0.55			5.8062e+07
1			0.6			5.80925e+07
1			0.65			5.80934e+07
1			0.7			5.79492e+07
1			0.75			5.71995e+07
1			0.8			5.44214e+07
1			0.85			4.65257e+07
1			0.9			2.93748e+07
1			0.95			0
1			1			22.9856

