0.05			0.05			7.01527e+23
0.05			0.1			6.87199e+23
0.05			0.15			6.67285e+23
0.05			0.2			6.46064e+23
0.05			0.25			6.2713e+23
0.05			0.3			6.12514e+23
0.05			0.35			6.02629e+23
0.05			0.4			5.9676e+23
0.05			0.45			5.93682e+23
0.05			0.5			5.92002e+23
0.05			0.55			5.90051e+23
0.05			0.6			5.85322e+23
0.05			0.65			5.73686e+23
0.05			0.7			5.48881e+23
0.05			0.75			5.0296e+23
0.05			0.8			4.28287e+23
0.05			0.85			3.2081e+23
0.05			0.9			1.82812e+23
0.05			0.95			2.021e+22
0.05			1			0

0.1			0.05			6.86895e+23
0.1			0.1			6.72344e+23
0.1			0.15			6.52114e+23
0.1			0.2			6.30551e+23
0.1			0.25			6.11303e+23
0.1			0.3			5.96436e+23
0.1			0.35			5.86372e+23
0.1			0.4			5.8039e+23
0.1			0.45			5.77252e+23
0.1			0.5			5.7556e+23
0.1			0.55			5.73646e+23
0.1			0.6			5.69025e+23
0.1			0.65			5.57612e+23
0.1			0.7			5.33196e+23
0.1			0.75			4.8786e+23
0.1			0.8			4.13863e+23
0.1			0.85			3.06737e+23
0.1			0.9			1.6807e+23
0.1			0.95			5.72284e+21
0.1			1			0

0.15			0.05			6.66512e+23
0.15			0.1			6.51646e+23
0.15			0.15			6.30975e+23
0.15			0.2			6.08934e+23
0.15			0.25			5.89248e+23
0.15			0.3			5.74031e+23
0.15			0.35			5.63718e+23
0.15			0.4			5.5758e+23
0.15			0.45			5.54362e+23
0.15			0.5			5.52654e+23
0.15			0.55			5.508e+23
0.15			0.6			5.46351e+23
0.15			0.65			5.353e+23
0.15			0.7			5.11559e+23
0.15			0.75			4.67374e+23
0.15			0.8			3.95194e+23
0.15			0.85			2.90778e+23
0.15			0.9			1.56291e+23
0.15			0.95			1.63123e+21
0.15			1			0

0.2			0.05			6.44699e+23
0.2			0.1			6.29495e+23
0.2			0.15			6.0835e+23
0.2			0.2			5.85795e+23
0.2			0.25			5.6564e+23
0.2			0.3			5.5005e+23
0.2			0.35			5.39473e+23
0.2			0.4			5.3317e+23
0.2			0.45			5.29868e+23
0.2			0.5			5.28148e+23
0.2			0.55			5.26366e+23
0.2			0.6			5.22123e+23
0.2			0.65			5.11512e+23
0.2			0.7			4.88616e+23
0.2			0.75			4.45929e+23
0.2			0.8			3.76223e+23
0.2			0.85			2.75661e+23
0.2			0.9			1.4691e+23
0.2			0.95			4.69255e+20
0.2			1			0

0.25			0.05			6.25094e+23
0.25			0.1			6.09583e+23
0.25			0.15			5.88008e+23
0.25			0.2			5.6499e+23
0.25			0.25			5.44414e+23
0.25			0.3			5.2849e+23
0.25			0.35			5.17679e+23
0.25			0.4			5.1123e+23
0.25			0.45			5.07856e+23
0.25			0.5			5.06129e+23
0.25			0.55			5.04419e+23
0.25			0.6			5.00378e+23
0.25			0.65			4.90203e+23
0.25			0.7			4.68151e+23
0.25			0.75			4.26972e+23
0.25			0.8			3.59761e+23
0.25			0.85			2.63021e+23
0.25			0.9			1.39667e+23
0.25			0.95			1.3703e+20
0.25			1			0

0.3			0.05			6.09763e+23
0.3			0.1			5.94011e+23
0.3			0.15			5.72099e+23
0.3			0.2			5.48719e+23
0.3			0.25			5.27817e+23
0.3			0.3			5.11635e+23
0.3			0.35			5.00644e+23
0.3			0.4			4.94086e+23
0.3			0.45			4.90658e+23
0.3			0.5			4.88927e+23
0.3			0.55			4.87278e+23
0.3			0.6			4.83405e+23
0.3			0.65			4.73594e+23
0.3			0.7			4.52249e+23
0.3			0.75			4.12331e+23
0.3			0.8			3.47191e+23
0.3			0.85			2.53561e+23
0.3			0.9			1.34442e+23
0.3			0.95			4.12511e+19
0.3			1			0

0.35			0.05			5.9915e+23
0.35			0.1			5.83232e+23
0.35			0.15			5.6109e+23
0.35			0.2			5.37463e+23
0.35			0.25			5.16338e+23
0.35			0.3			4.99983e+23
0.35			0.35			4.88872e+23
0.35			0.4			4.82241e+23
0.35			0.45			4.78777e+23
0.35			0.5			4.77046e+23
0.35			0.55			4.7544e+23
0.35			0.6			4.71687e+23
0.35			0.65			4.62138e+23
0.35			0.7			4.41302e+23
0.35			0.75			4.02292e+23
0.35			0.8			3.38631e+23
0.35			0.85			2.4719e+23
0.35			0.9			1.30984e+23
0.35			0.95			1.33626e+19
0.35			1			0

0.4			0.05			5.92606e+23
0.4			0.1			5.76589e+23
0.4			0.15			5.54309e+23
0.4			0.2			5.30536e+23
0.4			0.25			5.0928e+23
0.4			0.3			4.92825e+23
0.4			0.35			4.81645e+23
0.4			0.4			4.74972e+23
0.4			0.45			4.71488e+23
0.4			0.5			4.69757e+23
0.4			0.55			4.68177e+23
0.4			0.6			4.64498e+23
0.4			0.65			4.5511e+23
0.4			0.7			4.34591e+23
0.4			0.75			3.9615e+23
0.4			0.8			3.33413e+23
0.4			0.85			2.43329e+23
0.4			0.9			1.28906e+23
0.4			0.95			5.16698e+18
0.4			1			0

0.45			0.05			5.89095e+23
0.45			0.1			5.73032e+23
0.45			0.15			5.50686e+23
0.45			0.2			5.26845e+23
0.45			0.25			5.05529e+23
0.45			0.3			4.89027e+23
0.45			0.35			4.77816e+23
0.45			0.4			4.71124e+23
0.45			0.45			4.67631e+23
0.45			0.5			4.65899e+23
0.45			0.55			4.64331e+23
0.45			0.6			4.60686e+23
0.45			0.65			4.51376e+23
0.45			0.7			4.31019e+23
0.45			0.75			3.92874e+23
0.45			0.8			3.30628e+23
0.45			0.85			2.41271e+23
0.45			0.9			1.27802e+23
0.45			0.95			2.81496e+18
0.45			1			0

0.5			0.05			5.87779e+23
0.5			0.1			5.71708e+23
0.5			0.15			5.49352e+23
0.5			0.2			5.255e+23
0.5			0.25			5.04175e+23
0.5			0.3			4.87666e+23
0.5			0.35			4.7645e+23
0.5			0.4			4.69755e+23
0.5			0.45			4.6626e+23
0.5			0.5			4.64525e+23
0.5			0.55			4.62954e+23
0.5			0.6			4.59309e+23
0.5			0.65			4.50009e+23
0.5			0.7			4.29687e+23
0.5			0.75			3.91629e+23
0.5			0.8			3.2955e+23
0.5			0.85			2.40463e+23
0.5			0.9			1.27366e+23
0.5			0.95			2.45381e+18
0.5			1			0

0.55			0.05			5.88339e+23
0.55			0.1			5.72295e+23
0.55			0.15			5.49977e+23
0.55			0.2			5.26164e+23
0.55			0.25			5.04874e+23
0.55			0.3			4.88392e+23
0.55			0.35			4.77194e+23
0.55			0.4			4.70508e+23
0.55			0.45			4.67014e+23
0.55			0.5			4.65272e+23
0.55			0.55			4.6368e+23
0.55			0.6			4.59995e+23
0.55			0.65			4.50631e+23
0.55			0.7			4.30219e+23
0.55			0.75			3.9205e+23
0.55			0.8			3.29855e+23
0.55			0.85			2.40658e+23
0.55			0.9			1.27461e+23
0.55			0.95			3.59053e+18
0.55			1			0

0.6			0.05			5.91081e+23
0.6			0.1			5.75103e+23
0.6			0.15			5.52876e+23
0.6			0.2			5.2916e+23
0.6			0.25			5.07956e+23
0.6			0.3			4.9154e+23
0.6			0.35			4.80385e+23
0.6			0.4			4.73723e+23
0.6			0.45			4.70234e+23
0.6			0.5			4.68474e+23
0.6			0.55			4.66834e+23
0.6			0.6			4.6305e+23
0.6			0.65			4.53519e+23
0.6			0.7			4.32852e+23
0.6			0.75			3.94332e+23
0.6			0.8			3.31689e+23
0.6			0.85			2.41954e+23
0.6			0.9			1.2814e+23
0.6			0.95			8.34322e+18
0.6			1			0

0.65			0.05			5.96836e+23
0.65			0.1			5.80975e+23
0.65			0.15			5.58911e+23
0.65			0.2			5.35368e+23
0.65			0.25			5.14319e+23
0.65			0.3			4.98021e+23
0.65			0.35			4.86946e+23
0.65			0.4			4.80327e+23
0.65			0.45			4.76845e+23
0.65			0.5			4.75051e+23
0.65			0.55			4.73316e+23
0.65			0.6			4.69345e+23
0.65			0.65			4.59494e+23
0.65			0.7			4.38338e+23
0.65			0.75			3.99132e+23
0.65			0.8			3.35594e+23
0.65			0.85			2.44751e+23
0.65			0.9			1.29626e+23
0.65			0.95			2.53556e+19
0.65			1			0

0.7			0.05			6.06632e+23
0.7			0.1			5.90954e+23
0.7			0.15			5.69144e+23
0.7			0.2			5.45874e+23
0.7			0.25			5.25068e+23
0.7			0.3			5.0896e+23
0.7			0.35			4.98013e+23
0.7			0.4			4.91462e+23
0.7			0.45			4.87991e+23
0.7			0.5			4.86139e+23
0.7			0.55			4.84244e+23
0.7			0.6			4.79963e+23
0.7			0.65			4.69586e+23
0.7			0.7			4.47629e+23
0.7			0.75			4.07302e+23
0.7			0.8			3.42296e+23
0.7			0.85			2.49614e+23
0.7			0.9			1.32262e+23
0.7			0.95			8.56546e+19
0.7			1			0

0.75			0.05			6.21126e+23
0.75			0.1			6.05704e+23
0.75			0.15			5.84252e+23
0.75			0.2			5.61365e+23
0.75			0.25			5.40905e+23
0.75			0.3			5.25068e+23
0.75			0.35			5.14304e+23
0.75			0.4			5.07852e+23
0.75			0.45			5.04394e+23
0.75			0.5			5.02453e+23
0.75			0.55			5.00323e+23
0.75			0.6			4.95586e+23
0.75			0.65			4.84448e+23
0.75			0.7			4.61343e+23
0.75			0.75			4.19423e+23
0.75			0.8			3.52338e+23
0.75			0.85			2.5704e+23
0.75			0.9			1.36435e+23
0.75			0.95			2.9987e+20
0.75			1			0

0.8			0.05			6.39901e+23
0.8			0.1			6.24798e+23
0.8			0.15			6.03793e+23
0.8			0.2			5.81388e+23
0.8			0.25			5.61365e+23
0.8			0.3			5.45871e+23
0.8			0.35			5.3534e+23
0.8			0.4			5.29013e+23
0.8			0.45			5.25572e+23
0.8			0.5			5.23513e+23
0.8			0.55			5.21076e+23
0.8			0.6			5.15754e+23
0.8			0.65			5.03648e+23
0.8			0.7			4.79101e+23
0.8			0.75			4.35213e+23
0.8			0.8			3.65604e+23
0.8			0.85			2.67158e+23
0.8			0.9			1.42547e+23
0.8			0.95			1.06344e+21
0.8			1			0

0.85			0.05			6.60941e+23
0.85			0.1			6.46186e+23
0.85			0.15			6.2567e+23
0.85			0.2			6.03793e+23
0.85			0.25			5.8425e+23
0.85			0.3			5.69136e+23
0.85			0.35			5.58865e+23
0.85			0.4			5.52677e+23
0.85			0.45			5.49252e+23
0.85			0.5			5.47059e+23
0.85			0.55			5.44276e+23
0.85			0.6			5.38302e+23
0.85			0.65			5.2513e+23
0.85			0.7			4.99022e+23
0.85			0.75			4.53055e+23
0.85			0.8			3.80888e+23
0.85			0.85			2.79432e+23
0.85			0.9			1.5109e+23
0.85			0.95			3.79395e+21
0.85			1			0

0.9			0.05			6.80686e+23
0.9			0.1			6.66252e+23
0.9			0.15			6.46186e+23
0.9			0.2			6.24798e+23
0.9			0.25			6.05701e+23
0.9			0.3			5.9094e+23
0.9			0.35			5.80911e+23
0.9			0.4			5.74853e+23
0.9			0.45			5.71441e+23
0.9			0.5			5.69121e+23
0.9			0.55			5.66012e+23
0.9			0.6			5.59428e+23
0.9			0.65			5.4527e+23
0.9			0.7			5.17743e+23
0.9			0.75			4.69947e+23
0.9			0.8			3.95708e+23
0.9			0.85			2.92302e+23
0.9			0.9			1.62656e+23
0.9			0.95			1.35861e+22
0.9			1			0

0.95			0.05			6.94892e+23
0.95			0.1			6.80686e+23
0.95			0.15			6.60941e+23
0.95			0.2			6.399e+23
0.95			0.25			6.21122e+23
0.95			0.3			6.06613e+23
0.95			0.35			5.96758e+23
0.95			0.4			5.90793e+23
0.95			0.45			5.87391e+23
0.95			0.5			5.84978e+23
0.95			0.55			5.81634e+23
0.95			0.6			5.74611e+23
0.95			0.65			5.59749e+23
0.95			0.7			5.31214e+23
0.95			0.75			4.82143e+23
0.95			0.8			4.06549e+23
0.95			0.85			3.024e+23
0.95			0.9			1.75654e+23
0.95			0.95			4.87923e+22
0.95			1			0

1			0.05			7.00077e+23
1			0.1			6.85954e+23
1			0.15			6.66325e+23
1			0.2			6.45411e+23
1			0.25			6.26748e+23
1			0.3			6.12331e+23
1			0.35			6.02539e+23
1			0.4			5.96608e+23
1			0.45			5.93209e+23
1			0.5			5.90763e+23
1			0.55			5.87332e+23
1			0.6			5.80149e+23
1			0.65			5.65027e+23
1			0.7			5.36113e+23
1			0.75			4.8651e+23
1			0.8			4.10074e+23
1			0.85			3.03833e+23
1			0.9			1.68645e+23
1			0.95			0
1			1			64.9594

