0.05			0.05			1.55643e+29
0.05			0.1			1.53157e+29
0.05			0.15			1.49586e+29
0.05			0.2			1.45587e+29
0.05			0.25			1.41772e+29
0.05			0.3			1.38568e+29
0.05			0.35			1.36154e+29
0.05			0.4			1.3449e+29
0.05			0.45			1.33368e+29
0.05			0.5			1.32438e+29
0.05			0.55			1.31199e+29
0.05			0.6			1.28931e+29
0.05			0.65			1.24642e+29
0.05			0.7			1.17102e+29
0.05			0.75			1.05035e+29
0.05			0.8			8.7477e+28
0.05			0.85			6.4215e+28
0.05			0.9			3.60092e+28
0.05			0.95			3.84137e+27
0.05			1			0

0.1			0.05			1.53096e+29
0.1			0.1			1.5058e+29
0.1			0.15			1.46967e+29
0.1			0.2			1.42919e+29
0.1			0.25			1.39058e+29
0.1			0.3			1.35813e+29
0.1			0.35			1.33368e+29
0.1			0.4			1.31684e+29
0.1			0.45			1.30551e+29
0.1			0.5			1.29622e+29
0.1			0.55			1.28397e+29
0.1			0.6			1.26161e+29
0.1			0.65			1.21931e+29
0.1			0.7			1.14485e+29
0.1			0.75			1.0254e+29
0.1			0.8			8.51002e+28
0.1			0.85			6.18505e+28
0.1			0.9			3.33948e+28
0.1			0.95			1.07058e+27
0.1			1			0

0.15			0.05			1.49428e+29
0.15			0.1			1.46871e+29
0.15			0.15			1.43196e+29
0.15			0.2			1.39078e+29
0.15			0.25			1.3515e+29
0.15			0.3			1.31847e+29
0.15			0.35			1.29358e+29
0.15			0.4			1.27644e+29
0.15			0.45			1.26496e+29
0.15			0.5			1.25568e+29
0.15			0.55			1.24365e+29
0.15			0.6			1.22181e+29
0.15			0.65			1.18047e+29
0.15			0.7			1.10761e+29
0.15			0.75			9.90604e+28
0.15			0.8			8.19621e+28
0.15			0.85			5.91693e+28
0.15			0.9			3.13726e+28
0.15			0.95			2.99288e+26
0.15			1			0

0.2			0.05			1.45306e+29
0.2			0.1			1.427e+29
0.2			0.15			1.38956e+29
0.2			0.2			1.34761e+29
0.2			0.25			1.30757e+29
0.2			0.3			1.27389e+29
0.2			0.35			1.2485e+29
0.2			0.4			1.23103e+29
0.2			0.45			1.21939e+29
0.2			0.5			1.21014e+29
0.2			0.55			1.19838e+29
0.2			0.6			1.17716e+29
0.2			0.65			1.13703e+29
0.2			0.7			1.06622e+29
0.2			0.75			9.52492e+28
0.2			0.8			7.86417e+28
0.2			0.85			5.65529e+28
0.2			0.9			2.97507e+28
0.2			0.95			8.39787e+25
0.2			1			0

0.25			0.05			1.41351e+29
0.25			0.1			1.38699e+29
0.25			0.15			1.34889e+29
0.25			0.2			1.30618e+29
0.25			0.25			1.26541e+29
0.25			0.3			1.23111e+29
0.25			0.35			1.20525e+29
0.25			0.4			1.18747e+29
0.25			0.45			1.17569e+29
0.25			0.5			1.16647e+29
0.25			0.55			1.15498e+29
0.25			0.6			1.13442e+29
0.25			0.65			1.09554e+29
0.25			0.7			1.02689e+29
0.25			0.75			9.16648e+28
0.25			0.8			7.55832e+28
0.25			0.85			5.42417e+28
0.25			0.9			2.84408e+28
0.25			0.95			2.36739e+25
0.25			1			0

0.3			0.05			1.38e+29
0.3			0.1			1.3531e+29
0.3			0.15			1.31443e+29
0.3			0.2			1.27109e+29
0.3			0.25			1.2297e+29
0.3			0.3			1.19488e+29
0.3			0.35			1.16863e+29
0.3			0.4			1.15059e+29
0.3			0.45			1.13869e+29
0.3			0.5			1.12951e+29
0.3			0.55			1.11827e+29
0.3			0.6			1.0983e+29
0.3			0.65			1.06053e+29
0.3			0.7			9.93833e+28
0.3			0.75			8.86723e+28
0.3			0.8			7.30616e+28
0.3			0.85			5.23774e+28
0.3			0.9			2.74254e+28
0.3			0.95			6.71722e+24
0.3			1			0

0.35			0.05			1.35457e+29
0.35			0.1			1.32737e+29
0.35			0.15			1.28828e+29
0.35			0.2			1.24446e+29
0.35			0.25			1.20262e+29
0.35			0.3			1.16741e+29
0.35			0.35			1.14087e+29
0.35			0.4			1.12264e+29
0.35			0.45			1.11065e+29
0.35			0.5			1.1015e+29
0.35			0.55			1.09047e+29
0.35			0.6			1.07095e+29
0.35			0.65			1.03406e+29
0.35			0.7			9.68896e+28
0.35			0.75			8.64253e+28
0.35			0.8			7.11822e+28
0.35			0.85			5.10041e+28
0.35			0.9			2.66907e+28
0.35			0.95			1.92805e+24
0.35			1			0

0.4			0.05			1.33732e+29
0.4			0.1			1.30993e+29
0.4			0.15			1.27056e+29
0.4			0.2			1.22643e+29
0.4			0.25			1.18429e+29
0.4			0.3			1.14883e+29
0.4			0.35			1.12209e+29
0.4			0.4			1.10374e+29
0.4			0.45			1.09169e+29
0.4			0.5			1.08257e+29
0.4			0.55			1.07167e+29
0.4			0.6			1.05246e+29
0.4			0.65			1.01617e+29
0.4			0.7			9.52058e+28
0.4			0.75			8.49113e+28
0.4			0.8			6.99209e+28
0.4			0.85			5.00878e+28
0.4			0.9			2.62046e+28
0.4			0.95			5.72364e+23
0.4			1			0

0.45			0.05			1.32732e+29
0.45			0.1			1.29983e+29
0.45			0.15			1.26031e+29
0.45			0.2			1.21602e+29
0.45			0.25			1.17372e+29
0.45			0.3			1.13812e+29
0.45			0.35			1.11129e+29
0.45			0.4			1.09287e+29
0.45			0.45			1.08079e+29
0.45			0.5			1.07168e+29
0.45			0.55			1.06084e+29
0.45			0.6			1.04179e+29
0.45			0.65			1.00582e+29
0.45			0.7			9.42301e+28
0.45			0.75			8.40327e+28
0.45			0.8			6.91887e+28
0.45			0.85			4.95566e+28
0.45			0.9			2.59237e+28
0.45			0.95			2.02689e+23
0.45			1			0

0.5			0.05			1.32355e+29
0.5			0.1			1.29604e+29
0.5			0.15			1.25649e+29
0.5			0.2			1.21216e+29
0.5			0.25			1.16983e+29
0.5			0.3			1.13421e+29
0.5			0.35			1.10735e+29
0.5			0.4			1.08891e+29
0.5			0.45			1.07682e+29
0.5			0.5			1.06769e+29
0.5			0.55			1.05684e+29
0.5			0.6			1.0378e+29
0.5			0.65			1.0019e+29
0.5			0.7			9.38528e+28
0.5			0.75			8.36869e+28
0.5			0.8			6.88961e+28
0.5			0.85			4.93421e+28
0.5			0.9			2.58096e+28
0.5			0.95			1.60695e+23
0.5			1			0

0.55			0.05			1.32559e+29
0.55			0.1			1.29813e+29
0.55			0.15			1.25866e+29
0.55			0.2			1.21442e+29
0.55			0.25			1.17217e+29
0.55			0.3			1.13662e+29
0.55			0.35			1.1098e+29
0.55			0.4			1.09139e+29
0.55			0.45			1.07929e+29
0.55			0.5			1.07011e+29
0.55			0.55			1.05917e+29
0.55			0.6			1.03998e+29
0.55			0.65			1.00385e+29
0.55			0.7			9.40202e+28
0.55			0.75			8.38223e+28
0.55			0.8			6.89976e+28
0.55			0.85			4.94097e+28
0.55			0.9			2.58436e+28
0.55			0.95			3.78337e+23
0.55			1			0

0.6			0.05			1.33384e+29
0.6			0.1			1.30652e+29
0.6			0.15			1.26724e+29
0.6			0.2			1.22322e+29
0.6			0.25			1.18117e+29
0.6			0.3			1.14578e+29
0.6			0.35			1.11909e+29
0.6			0.4			1.10074e+29
0.6			0.45			1.08863e+29
0.6			0.5			1.07936e+29
0.6			0.55			1.06821e+29
0.6			0.6			1.04866e+29
0.6			0.65			1.01199e+29
0.6			0.7			9.47572e+28
0.6			0.75			8.44582e+28
0.6			0.8			6.95077e+28
0.6			0.85			4.97695e+28
0.6			0.9			2.60315e+28
0.6			0.95			1.26175e+24
0.6			1			0

0.65			0.05			1.34931e+29
0.65			0.1			1.32221e+29
0.65			0.15			1.28325e+29
0.65			0.2			1.23959e+29
0.65			0.25			1.19789e+29
0.65			0.3			1.16278e+29
0.65			0.35			1.13629e+29
0.65			0.4			1.11804e+29
0.65			0.45			1.10592e+29
0.65			0.5			1.0965e+29
0.65			0.55			1.085e+29
0.65			0.6			1.06484e+29
0.65			0.65			1.02723e+29
0.65			0.7			9.61468e+28
0.65			0.75			8.56678e+28
0.65			0.8			7.04876e+28
0.65			0.85			5.04686e+28
0.65			0.9			2.64007e+28
0.65			0.95			4.45335e+24
0.65			1			0

0.7			0.05			1.37293e+29
0.7			0.1			1.34615e+29
0.7			0.15			1.30766e+29
0.7			0.2			1.26451e+29
0.7			0.25			1.22331e+29
0.7			0.3			1.18862e+29
0.7			0.35			1.16242e+29
0.7			0.4			1.14432e+29
0.7			0.45			1.13217e+29
0.7			0.5			1.12252e+29
0.7			0.55			1.1105e+29
0.7			0.6			1.08944e+29
0.7			0.65			1.05044e+29
0.7			0.7			9.8271e+28
0.7			0.75			8.75266e+28
0.7			0.8			7.2006e+28
0.7			0.85			5.15651e+28
0.7			0.9			2.69909e+28
0.7			0.95			1.59108e+25
0.7			1			0

0.75			0.05			1.40463e+29
0.75			0.1			1.37826e+29
0.75			0.15			1.34037e+29
0.75			0.2			1.2979e+29
0.75			0.25			1.25733e+29
0.75			0.3			1.22318e+29
0.75			0.35			1.19736e+29
0.75			0.4			1.17945e+29
0.75			0.45			1.16728e+29
0.75			0.5			1.15731e+29
0.75			0.55			1.14461e+29
0.75			0.6			1.12237e+29
0.75			0.65			1.08156e+29
0.75			0.7			1.01126e+29
0.75			0.75			9.00396e+28
0.75			0.8			7.40815e+28
0.75			0.85			5.30943e+28
0.75			0.9			2.78458e+28
0.75			0.95			5.71132e+25
0.75			1			0

0.8			0.05			1.44245e+29
0.8			0.1			1.41656e+29
0.8			0.15			1.37936e+29
0.8			0.2			1.33766e+29
0.8			0.25			1.29785e+29
0.8			0.3			1.26433e+29
0.8			0.35			1.23895e+29
0.8			0.4			1.22127e+29
0.8			0.45			1.20906e+29
0.8			0.5			1.19871e+29
0.8			0.55			1.1852e+29
0.8			0.6			1.16158e+29
0.8			0.65			1.11866e+29
0.8			0.7			1.04542e+29
0.8			0.75			9.30685e+28
0.8			0.8			7.66239e+28
0.8			0.85			5.50335e+28
0.8			0.9			2.90182e+28
0.8			0.95			2.05606e+26
0.8			1			0

0.85			0.05			1.48211e+29
0.85			0.1			1.45672e+29
0.85			0.15			1.42023e+29
0.85			0.2			1.37934e+29
0.85			0.25			1.34031e+29
0.85			0.3			1.30743e+29
0.85			0.35			1.28252e+29
0.85			0.4			1.26506e+29
0.85			0.45			1.2528e+29
0.85			0.5			1.24207e+29
0.85			0.55			1.22771e+29
0.85			0.6			1.20265e+29
0.85			0.65			1.15759e+29
0.85			0.7			1.08139e+29
0.85			0.75			9.62885e+28
0.85			0.8			7.93909e+28
0.85			0.85			5.72734e+28
0.85			0.9			3.06034e+28
0.85			0.95			7.41835e+26
0.85			1			0

0.9			0.05			1.51753e+29
0.9			0.1			1.49257e+29
0.9			0.15			1.45671e+29
0.9			0.2			1.41654e+29
0.9			0.25			1.37819e+29
0.9			0.3			1.34589e+29
0.9			0.35			1.32138e+29
0.9			0.4			1.30413e+29
0.9			0.45			1.29183e+29
0.9			0.5			1.28074e+29
0.9			0.55			1.26563e+29
0.9			0.6			1.23931e+29
0.9			0.65			1.19238e+29
0.9			0.7			1.11365e+29
0.9			0.75			9.92054e+28
0.9			0.8			8.1973e+28
0.9			0.85			5.95648e+28
0.9			0.9			3.27524e+28
0.9			0.95			2.68168e+27
0.9			1			0

0.95			0.05			1.54219e+29
0.95			0.1			1.51753e+29
0.95			0.15			1.4821e+29
0.95			0.2			1.44242e+29
0.95			0.25			1.40455e+29
0.95			0.3			1.37264e+29
0.95			0.35			1.34842e+29
0.95			0.4			1.33131e+29
0.95			0.45			1.31897e+29
0.95			0.5			1.30764e+29
0.95			0.55			1.29201e+29
0.95			0.6			1.26482e+29
0.95			0.65			1.2166e+29
0.95			0.7			1.13616e+29
0.95			0.75			1.01251e+29
0.95			0.8			8.38174e+28
0.95			0.85			6.13463e+28
0.95			0.9			3.52149e+28
0.95			0.95			9.71045e+27
0.95			1			0

1			0.05			1.55104e+29
1			0.1			1.52649e+29
1			0.15			1.49122e+29
1			0.2			1.45171e+29
1			0.25			1.41401e+29
1			0.3			1.38224e+29
1			0.35			1.35812e+29
1			0.4			1.34106e+29
1			0.45			1.32872e+29
1			0.5			1.3173e+29
1			0.55			1.30148e+29
1			0.6			1.27398e+29
1			0.65			1.22529e+29
1			0.7			1.14421e+29
1			0.75			1.01971e+29
1			0.8			8.43976e+28
1			0.85			6.15472e+28
1			0.9			3.37827e+28
1			0.95			0
1			1			78.9507

